0.02 4.63293e-017 1
0.04 1.86496e-016 1
0.06 4.18353e-016 1
0.08 7.38193e-016 1
0.1 1.14104e-015 1
0.12 1.62055e-015 1
0.14 2.16917e-015 1
0.16 2.77831e-015 1
0.18 3.43833e-015 1
0.2 4.13886e-015 1
0.22 4.8689e-015 1
0.24 5.61692e-015 1
0.26 6.37115e-015 1
0.28 7.11972e-015 1
0.3 7.85084e-015 1
0.32 8.55301e-015 1
0.34 9.21518e-015 1
0.36 9.82693e-015 1
0.38 1.03786e-014 1
0.4 1.08615e-014 1
0.42 1.12681e-014 1
0.44 1.15919e-014 1
0.46 1.18279e-014 1
0.48 1.19724e-014 1
0.5 1.20232e-014 1
0.52 1.19793e-014 1
0.54 1.18417e-014 1
0.56 1.16123e-014 1
0.58 1.1295e-014 1
0.6 1.08946e-014 1
0.62 1.04176e-014 1
0.64 9.87145e-015 1
0.66 9.26482e-015 1
0.68 8.60729e-015 1
0.7 7.90921e-015 1
0.72 7.18169e-015 1
0.74 6.43617e-015 1
0.76 5.68441e-015 1
0.78 4.93832e-015 1
0.8 4.20968e-015 1
0.82 3.51e-015 1
0.84 2.85032e-015 1
0.86 2.24108e-015 1
0.88 1.69188e-015 1
0.9 1.21145e-015 1
0.92 8.07358e-016 1
0.94 4.85994e-016 1
0.96 2.5247e-016 1
0.98 1.1044e-016 1
1 6.21959e-017 1
1.02 1.08525e-016 1
1.04 2.48713e-016 1
1.06 4.80532e-016 1
1.08 8.00368e-016 1
1.1 1.20321e-015 1
1.12 1.68273e-015 1
1.14 2.23136e-015 1
1.16 2.84047e-015 1
1.18 3.50049e-015 1
1.2 4.20103e-015 1
1.22 4.93107e-015 1
1.24 5.67908e-015 1
1.26 6.43333e-015 1
1.28 7.18189e-015 1
1.3 7.91303e-015 1
1.32 8.61522e-015 1
1.34 9.27737e-015 1
1.36 9.88909e-015 1
1.38 1.04408e-014 1
1.4 1.09237e-014 1
1.42 1.13303e-014 1
1.44 1.16541e-014 1
1.46 1.18901e-014 1
1.48 1.20346e-014 1
1.5 1.20854e-014 1
1.52 1.20415e-014 1
1.54 1.19038e-014 1
1.56 1.16745e-014 1
1.58 1.13571e-014 1
1.6 1.09568e-014 1
1.62 1.04797e-014 1
1.64 9.93356e-015 1
1.66 9.3269e-015 1
1.68 8.66937e-015 1
1.7 7.97132e-015 1
1.72 7.24374e-015 1
1.74 6.49819e-015 1
1.76 5.74644e-015 1
1.78 5.00034e-015 1
1.8 4.27169e-015 1
1.82 3.57201e-015 1
1.84 2.91235e-015 1
1.86 2.30311e-015 1
1.88 1.75393e-015 1
1.9 1.2735e-015 1
1.92 8.69428e-016 1
1.94 5.48074e-016 1
1.96 3.14527e-016 1
1.98 1.72507e-016 1
2 1.24256e-016 1
2.02 1.70592e-016 1
2.04 3.1079e-016 1
2.06 5.42623e-016 1
2.08 8.62493e-016 1
2.1 1.26537e-015 1
2.12 1.7449e-015 1
2.14 2.29356e-015 1
2.16 2.90269e-015 1
2.18 3.56271e-015 1
2.2 4.26328e-015 1
2.22 4.99332e-015 1
2.24 5.74136e-015 1
2.26 6.4956e-015 1
2.28 7.24421e-015 1
2.3 7.97532e-015 1
2.32 8.67752e-015 1
2.34 9.33965e-015 1
2.36 9.95138e-015 1
2.38 1.0503e-014 1
2.4 1.09859e-014 1
2.42 1.13925e-014 1
2.44 1.17163e-014 1
2.46 1.19523e-014 1
2.48 1.20968e-014 1
2.5 1.21475e-014 1
2.52 1.21036e-014 1
2.54 1.19659e-014 1
2.56 1.17366e-014 1
2.58 1.14192e-014 1
2.6 1.10188e-014 1
2.62 1.05417e-014 1
2.64 9.99555e-015 1
2.66 9.3889e-015 1
2.68 8.73133e-015 1
2.7 8.03326e-015 1
2.72 7.3057e-015 1
2.74 6.56018e-015 1
2.76 5.80843e-015 1
2.78 5.06235e-015 1
2.8 4.33374e-015 1
2.82 3.63407e-015 1
2.84 2.97441e-015 1
2.86 2.36522e-015 1
2.88 1.81607e-015 1
2.9 1.33566e-015 1
2.92 9.31601e-016 1
2.94 6.1028e-016 1
2.96 3.7676e-016 1
2.98 2.34794e-016 1
3 1.86581e-016 1
3.02 2.32934e-016 1
3.04 3.73142e-016 1
3.06 6.05005e-016 1
3.08 9.24885e-016 1
3.1 1.32775e-015 1
3.12 1.80726e-015 1
3.14 2.35592e-015 1
3.16 2.96505e-015 1
3.18 3.62508e-015 1
3.2 4.3256e-015 1
3.22 5.0556e-015 1
3.24 5.80359e-015 1
3.26 6.55779e-015 1
3.28 7.30634e-015 1
3.3 8.03744e-015 1
3.32 8.73957e-015 1
3.34 9.40169e-015 1
3.36 1.00134e-014 1
3.38 1.0565e-014 1
3.4 1.10479e-014 1
3.42 1.14544e-014 1
3.44 1.17782e-014 1
3.46 1.20142e-014 1
3.48 1.21587e-014 1
3.5 1.22094e-014 1
3.52 1.21655e-014 1
3.54 1.20278e-014 1
3.56 1.17984e-014 1
3.58 1.14811e-014 1
3.6 1.10807e-014 1
3.62 1.06036e-014 1
3.64 1.00575e-014 1
3.66 9.45081e-015 1
3.68 8.79327e-015 1
3.7 8.09522e-015 1
3.72 7.36768e-015 1
3.74 6.62215e-015 1
3.76 5.87042e-015 1
3.78 5.12435e-015 1
3.8 4.39574e-015 1
3.82 3.69608e-015 1
3.84 3.03642e-015 1
3.86 2.42722e-015 1
3.88 1.87808e-015 1
3.9 1.39769e-015 1
3.92 9.93631e-016 1
3.94 6.72331e-016 1
3.96 4.38817e-016 1
3.98 2.96824e-016 1
4 2.48601e-016 1
4.02 2.94971e-016 1
4.04 4.35182e-016 1
4.06 6.67028e-016 1
4.08 9.86905e-016 1
4.1 1.38976e-015 1
4.12 1.86927e-015 1
4.14 2.41792e-015 1
4.16 3.02703e-015 1
4.18 3.68707e-015 1
4.2 4.38759e-015 1
4.22 5.1176e-015 1
4.24 5.86559e-015 1
4.26 6.6198e-015 1
4.28 7.36836e-015 1
4.3 8.09945e-015 1
4.32 8.8016e-015 1
4.34 9.46372e-015 1
4.36 1.00754e-014 1
4.38 1.0627e-014 1
4.4 1.11099e-014 1
4.42 1.15165e-014 1
4.44 1.18403e-014 1
4.46 1.20763e-014 1
4.48 1.22208e-014 1
4.5 1.22715e-014 1
4.52 1.22276e-014 1
4.54 1.20899e-014 1
4.56 1.18605e-014 1
4.58 1.15431e-014 1
4.6 1.11427e-014 1
4.62 1.06657e-014 1
4.64 1.01195e-014 1
4.66 9.51287e-015 1
4.68 8.85534e-015 1
4.7 8.15729e-015 1
4.72 7.42977e-015 1
4.74 6.68426e-015 1
4.76 5.93255e-015 1
4.78 5.18647e-015 1
4.8 4.45785e-015 1
4.82 3.75821e-015 1
4.84 3.09858e-015 1
4.86 2.48937e-015 1
4.88 1.94024e-015 1
4.9 1.45984e-015 1
4.92 1.05578e-015 1
4.94 7.34462e-016 1
4.96 5.00949e-016 1
4.98 3.58949e-016 1
5 3.10753e-016 1
5.02 3.57079e-016 1
5.04 4.97276e-016 1
5.06 7.29123e-016 1
5.08 1.049e-015 1
5.1 1.45187e-015 1
5.12 1.9314e-015 1
5.14 2.48005e-015 1
5.16 3.08917e-015 1
5.18 3.7492e-015 1
5.2 4.44972e-015 1
5.22 5.17977e-015 1
5.24 5.92776e-015 1
5.26 6.68199e-015 1
5.28 7.43053e-015 1
5.3 8.16164e-015 1
5.32 8.86378e-015 1
5.34 9.52588e-015 1
5.36 1.01375e-014 1
5.38 1.06892e-014 1
5.4 1.1172e-014 1
5.42 1.15786e-014 1
5.44 1.19024e-014 1
5.46 1.21384e-014 1
5.48 1.22828e-014 1
5.5 1.23335e-014 1
5.52 1.22896e-014 1
5.54 1.21519e-014 1
5.56 1.19226e-014 1
5.58 1.16052e-014 1
5.6 1.12048e-014 1
5.62 1.07278e-014 1
5.64 1.01816e-014 1
5.66 9.57494e-015 1
5.68 8.91741e-015 1
5.7 8.21936e-015 1
5.72 7.49184e-015 1
5.74 6.74632e-015 1
5.76 5.99456e-015 1
5.78 5.24849e-015 1
5.8 4.51988e-015 1
5.82 3.82024e-015 1
5.84 3.16061e-015 1
5.86 2.55142e-015 1
5.88 2.00229e-015 1
5.9 1.52191e-015 1
5.92 1.11785e-015 1
5.94 7.96543e-016 1
5.96 5.63053e-016 1
5.98 4.21077e-016 1
6 3.72881e-016 1
6.02 4.19244e-016 1
6.04 5.59462e-016 1
6.06 7.91339e-016 1
6.08 1.11122e-015 1
6.1 1.51409e-015 1
6.12 1.9936e-015 1
6.14 2.54222e-015 1
6.16 3.15133e-015 1
6.18 3.81133e-015 1
6.2 4.51186e-015 1
6.22 5.24185e-015 1
6.24 5.98985e-015 1
6.26 6.74405e-015 1
6.28 7.49258e-015 1
6.3 8.22364e-015 1
6.32 8.92576e-015 1
6.34 9.58785e-015 1
6.36 1.01995e-014 1
6.38 1.07511e-014 1
6.4 1.12339e-014 1
6.42 1.16404e-014 1
6.44 1.19642e-014 1
6.46 1.22002e-014 1
6.48 1.23447e-014 1
6.5 1.23954e-014 1
6.52 1.23515e-014 1
6.54 1.22137e-014 1
6.56 1.19844e-014 1
6.58 1.1667e-014 1
6.6 1.12666e-014 1
6.62 1.07895e-014 1
6.64 1.02434e-014 1
6.66 9.63675e-015 1
6.68 8.97922e-015 1
6.7 8.28119e-015 1
6.72 7.55368e-015 1
6.74 6.80818e-015 1
6.76 6.05645e-015 1
6.78 5.31041e-015 1
6.8 4.58183e-015 1
6.82 3.88221e-015 1
6.84 3.22258e-015 1
6.86 2.61339e-015 1
6.88 2.06427e-015 1
6.9 1.58389e-015 1
6.92 1.17986e-015 1
6.94 8.58556e-016 1
6.96 6.25063e-016 1
6.98 4.83117e-016 1
7 4.34928e-016 1
7.02 4.81264e-016 1
7.04 6.21465e-016 1
7.06 8.53335e-016 1
7.08 1.17322e-015 1
7.1 1.57609e-015 1
7.12 2.05561e-015 1
7.14 2.60427e-015 1
7.16 3.21338e-015 1
7.18 3.87339e-015 1
7.2 4.57391e-015 1
7.22 5.30391e-015 1
7.24 6.05189e-015 1
7.26 6.80607e-015 1
7.28 7.55459e-015 1
7.3 8.28567e-015 1
7.32 8.98775e-015 1
7.34 9.64983e-015 1
7.36 1.02615e-014 1
7.38 1.08131e-014 1
7.4 1.12959e-014 1
7.42 1.17024e-014 1
7.44 1.20262e-014 1
7.46 1.22622e-014 1
7.48 1.24066e-014 1
7.5 1.24573e-014 1
7.52 1.24134e-014 1
7.54 1.22757e-014 1
7.56 1.20463e-014 1
7.58 1.17289e-014 1
7.6 1.13286e-014 1
7.62 1.08515e-014 1
7.64 1.03054e-014 1
7.66 9.69874e-015 1
7.68 9.04121e-015 1
7.7 8.34316e-015 1
7.72 7.61566e-015 1
7.74 6.87015e-015 1
7.76 6.11845e-015 1
7.78 5.37242e-015 1
7.8 4.64384e-015 1
7.82 3.94422e-015 1
7.84 3.28461e-015 1
7.86 2.67546e-015 1
7.88 2.12634e-015 1
7.9 1.64598e-015 1
7.92 1.24194e-015 1
7.94 9.2065e-016 1
7.96 6.87178e-016 1
7.98 5.45218e-016 1
8 4.97015e-016 1
8.02 5.43385e-016 1
8.04 6.83566e-016 1
8.06 9.15422e-016 1
8.08 1.2353e-015 1
8.1 1.63817e-015 1
8.12 2.11769e-015 1
8.14 2.66631e-015 1
8.16 3.2754e-015 1
8.18 3.9354e-015 1
8.2 4.63591e-015 1
8.22 5.36591e-015 1
8.24 6.11386e-015 1
8.26 6.86803e-015 1
8.28 7.61654e-015 1
8.3 8.3476e-015 1
8.32 9.0497e-015 1
8.34 9.71181e-015 1
8.36 1.03235e-014 1
8.38 1.08751e-014 1
8.4 1.13579e-014 1
8.42 1.17645e-014 1
8.44 1.20883e-014 1
8.46 1.23242e-014 1
8.48 1.24687e-014 1
8.5 1.25193e-014 1
8.52 1.24755e-014 1
8.54 1.23378e-014 1
8.56 1.21084e-014 1
8.58 1.1791e-014 1
8.6 1.13907e-014 1
8.62 1.09136e-014 1
8.64 1.03674e-014 1
8.66 9.76083e-015 1
8.68 9.10327e-015 1
8.7 8.40523e-015 1
8.72 7.67774e-015 1
8.74 6.93226e-015 1
8.76 6.18057e-015 1
8.78 5.43452e-015 1
8.8 4.70594e-015 1
8.82 4.00632e-015 1
8.84 3.34672e-015 1
8.86 2.73751e-015 1
8.88 2.18837e-015 1
8.9 1.70799e-015 1
8.92 1.30393e-015 1
8.94 9.82606e-016 1
8.96 7.49092e-016 1
8.98 6.07099e-016 1
9 5.58886e-016 1
9.02 6.05239e-016 1
9.04 7.45409e-016 1
9.06 9.77276e-016 1
9.08 1.29714e-015 1
9.1 1.70001e-015 1
9.12 2.17953e-015 1
9.14 2.72817e-015 1
9.16 3.33729e-015 1
9.18 3.9973e-015 1
9.2 4.69781e-015 1
9.22 5.42782e-015 1
9.24 6.17583e-015 1
9.26 6.93004e-015 1
9.28 7.67857e-015 1
9.3 8.40966e-015 1
9.32 9.1118e-015 1
9.34 9.77393e-015 1
9.36 1.03856e-014 1
9.38 1.09373e-014 1
9.4 1.14201e-014 1
9.42 1.18267e-014 1
9.44 1.21506e-014 1
9.46 1.23866e-014 1
9.48 1.25311e-014 1
9.5 1.25818e-014 1
9.52 1.25379e-014 1
9.54 1.24002e-014 1
9.56 1.21708e-014 1
9.58 1.18534e-014 1
9.6 1.14531e-014 1
9.62 1.0976e-014 1
9.64 1.04298e-014 1
9.66 9.82321e-015 1
9.68 9.16567e-015 1
9.7 8.46762e-015 1
9.72 7.7401e-015 1
9.74 6.99459e-015 1
9.76 6.24285e-015 1
9.78 5.49677e-015 1
9.8 4.76814e-015 1
9.82 4.06846e-015 1
9.84 3.40881e-015 1
9.86 2.79959e-015 1
9.88 2.25045e-015 1
9.9 1.77002e-015 1
9.92 1.36594e-015 1
9.94 1.04458e-015 1
9.96 8.11051e-016 1
9.98 6.69048e-016 1
10 6.20811e-016 1
