0 0 0.992115 0.125333 
0 0 0.968583 0.24869 
0 0 0.929776 0.368125 
0 0 0.876307 0.481754 
0 0 0.809017 0.587785 
0 0 0.728969 0.684547 
0 0 0.637424 0.770513 
0 0 0.535827 0.844328 
0 0 0.425779 0.904827 
0 0 0.309017 0.951057 
0 0 0.187381 0.982287 
0 0 0.0627905 0.998027 
0 0 -0.0627905 0.998027 
0 0 -0.187381 0.982287 
0 0 -0.309017 0.951057 
0 0 -0.425779 0.904827 
0 0 -0.535827 0.844328 
0 0 -0.637424 0.770513 
0 0 -0.728969 0.684547 
0 0 -0.809017 0.587785 
0 0 -0.876307 0.481754 
0 0 -0.929776 0.368125 
0 0 -0.968583 0.24869 
0 0 -0.992115 0.125333 
0 0 -1 -5.0689e-010 
0 0 -0.992115 -0.125333 
0 0 -0.968583 -0.24869 
0 0 -0.929776 -0.368125 
0 0 -0.876307 -0.481754 
0 0 -0.809017 -0.587785 
0 0 -0.728969 -0.684547 
0 0 -0.637424 -0.770513 
0 0 -0.535827 -0.844328 
0 0 -0.425779 -0.904827 
0 0 -0.309017 -0.951057 
0 0 -0.187381 -0.982287 
0 0 -0.0627905 -0.998027 
0 0 0.0627905 -0.998027 
0 0 0.187381 -0.982287 
0 0 0.309017 -0.951057 
0 0 0.425779 -0.904827 
0 0 0.535827 -0.844328 
0 0 0.637424 -0.770513 
0 0 0.728969 -0.684547 
0 0 0.809017 -0.587785 
0 0 0.876307 -0.481754 
0 0 0.929776 -0.368125 
0 0 0.968583 -0.24869 
0 0 0.992115 -0.125333 
0 0 1 1.0211e-009 
0 0 0.992115 0.125333 
0 0 0.968583 0.24869 
0 0 0.929776 0.368125 
0 0 0.876307 0.481754 
0 0 0.809017 0.587785 
0 0 0.728969 0.684547 
0 0 0.637424 0.770513 
0 0 0.535827 0.844328 
0 0 0.425779 0.904827 
0 0 0.309017 0.951057 
0 0 0.187381 0.982287 
0 0 0.0627905 0.998027 
0 0 -0.0627905 0.998027 
0 0 -0.187381 0.982287 
0 0 -0.309017 0.951057 
0 0 -0.425779 0.904827 
0 0 -0.535827 0.844328 
0 0 -0.637424 0.770513 
0 0 -0.728969 0.684547 
0 0 -0.809017 0.587785 
0 0 -0.876307 0.481754 
0 0 -0.929776 0.368125 
0 0 -0.968583 0.24869 
0 0 -0.992115 0.125333 
0 0 -1 -1.53789e-009 
0 0 -0.992115 -0.125333 
0 0 -0.968583 -0.24869 
0 0 -0.929776 -0.368125 
0 0 -0.876307 -0.481754 
0 0 -0.809017 -0.587785 
0 0 -0.728969 -0.684547 
0 0 -0.637424 -0.770513 
0 0 -0.535827 -0.844328 
0 0 -0.425779 -0.904827 
0 0 -0.309017 -0.951057 
0 0 -0.187381 -0.982287 
0 0 -0.0627905 -0.998027 
0 0 0.0627905 -0.998027 
0 0 0.187381 -0.982287 
0 0 0.309017 -0.951057 
0 0 0.425779 -0.904827 
0 0 0.535827 -0.844328 
0 0 0.637424 -0.770513 
0 0 0.728969 -0.684547 
0 0 0.809017 -0.587785 
0 0 0.876307 -0.481754 
0 0 0.929776 -0.368125 
0 0 0.968583 -0.24869 
0 0 0.992115 -0.125333 
0 0 1 2.06199e-009 
0 0 0.992115 0.125333 
0 0 0.968583 0.24869 
0 0 0.929776 0.368125 
0 0 0.876307 0.481754 
0 0 0.809017 0.587785 
0 0 0.728969 0.684547 
0 0 0.637424 0.770513 
0 0 0.535827 0.844328 
0 0 0.425779 0.904827 
0 0 0.309017 0.951057 
0 0 0.187381 0.982287 
0 0 0.0627905 0.998027 
0 0 -0.0627905 0.998027 
0 0 -0.187381 0.982287 
0 0 -0.309017 0.951057 
0 0 -0.425779 0.904827 
0 0 -0.535827 0.844328 
0 0 -0.637424 0.770513 
0 0 -0.728969 0.684547 
0 0 -0.809017 0.587785 
0 0 -0.876307 0.481754 
0 0 -0.929776 0.368125 
0 0 -0.968583 0.24869 
0 0 -0.992115 0.125333 
0 0 -1 -2.58867e-009 
0 0 -0.992115 -0.125333 
0 0 -0.968583 -0.24869 
0 0 -0.929776 -0.368125 
0 0 -0.876307 -0.481754 
0 0 -0.809017 -0.587785 
0 0 -0.728969 -0.684547 
0 0 -0.637424 -0.770513 
0 0 -0.535827 -0.844328 
0 0 -0.425779 -0.904827 
0 0 -0.309017 -0.951057 
0 0 -0.187381 -0.982287 
0 0 -0.0627905 -0.998027 
0 0 0.0627905 -0.998027 
0 0 0.187381 -0.982287 
0 0 0.309017 -0.951057 
0 0 0.425779 -0.904827 
0 0 0.535827 -0.844328 
0 0 0.637424 -0.770513 
0 0 0.728969 -0.684547 
0 0 0.809017 -0.587785 
0 0 0.876307 -0.481754 
0 0 0.929776 -0.368125 
0 0 0.968583 -0.24869 
0 0 0.992115 -0.125333 
0 0 1 3.12265e-009 
0 0 0.992115 0.125333 
0 0 0.968583 0.24869 
0 0 0.929776 0.368125 
0 0 0.876307 0.481754 
0 0 0.809017 0.587785 
0 0 0.728969 0.684547 
0 0 0.637424 0.770513 
0 0 0.535827 0.844328 
0 0 0.425779 0.904827 
0 0 0.309017 0.951057 
0 0 0.187381 0.982287 
0 0 0.0627905 0.998027 
0 0 -0.0627905 0.998027 
0 0 -0.187381 0.982287 
0 0 -0.309017 0.951057 
0 0 -0.425779 0.904827 
0 0 -0.535827 0.844328 
0 0 -0.637424 0.770513 
0 0 -0.728969 0.684547 
0 0 -0.809017 0.587785 
0 0 -0.876307 0.481754 
0 0 -0.929776 0.368125 
0 0 -0.968583 0.24869 
0 0 -0.992115 0.125333 
0 0 -1 -3.65923e-009 
0 0 -0.992115 -0.125333 
0 0 -0.968583 -0.24869 
0 0 -0.929776 -0.368125 
0 0 -0.876307 -0.481754 
0 0 -0.809017 -0.587785 
0 0 -0.728969 -0.684547 
0 0 -0.637424 -0.770513 
0 0 -0.535827 -0.844328 
0 0 -0.425779 -0.904827 
0 0 -0.309017 -0.951057 
0 0 -0.187381 -0.982287 
0 0 -0.0627905 -0.998027 
0 0 0.0627905 -0.998027 
0 0 0.187381 -0.982287 
0 0 0.309017 -0.951057 
0 0 0.425779 -0.904827 
0 0 0.535827 -0.844328 
0 0 0.637424 -0.770513 
0 0 0.728969 -0.684547 
0 0 0.809017 -0.587785 
0 0 0.876307 -0.481754 
0 0 0.929776 -0.368125 
0 0 0.968583 -0.24869 
0 0 0.992115 -0.125333 
0 0 1 4.20308e-009 
0 0 0.992115 0.125333 
0 0 0.968583 0.24869 
0 0 0.929776 0.368125 
0 0 0.876307 0.481754 
0 0 0.809017 0.587785 
0 0 0.728969 0.684547 
0 0 0.637424 0.770513 
0 0 0.535827 0.844328 
0 0 0.425779 0.904827 
0 0 0.309017 0.951057 
0 0 0.187381 0.982287 
0 0 0.0627905 0.998027 
0 0 -0.0627905 0.998027 
0 0 -0.187381 0.982287 
0 0 -0.309017 0.951057 
0 0 -0.425779 0.904827 
0 0 -0.535827 0.844328 
0 0 -0.637424 0.770513 
0 0 -0.728969 0.684547 
0 0 -0.809017 0.587785 
0 0 -0.876307 0.481754 
0 0 -0.929776 0.368125 
0 0 -0.968583 0.24869 
0 0 -0.992115 0.125333 
0 0 -1 -4.74952e-009 
0 0 -0.992115 -0.125333 
0 0 -0.968583 -0.24869 
0 0 -0.929776 -0.368125 
0 0 -0.876307 -0.481754 
0 0 -0.809017 -0.587785 
0 0 -0.728969 -0.684547 
0 0 -0.637424 -0.770513 
0 0 -0.535827 -0.844328 
0 0 -0.425779 -0.904827 
0 0 -0.309017 -0.951057 
0 0 -0.187381 -0.982287 
0 0 -0.0627905 -0.998027 
0 0 0.0627905 -0.998027 
0 0 0.187381 -0.982287 
0 0 0.309017 -0.951057 
0 0 0.425779 -0.904827 
0 0 0.535827 -0.844328 
0 0 0.637424 -0.770513 
0 0 0.728969 -0.684547 
0 0 0.809017 -0.587785 
0 0 0.876307 -0.481754 
0 0 0.929776 -0.368125 
0 0 0.968583 -0.24869 
0 0 0.992115 -0.125333 
0 0 1 5.30325e-009 
0 0 0.992115 0.125333 
0 0 0.968583 0.24869 
0 0 0.929776 0.368125 
0 0 0.876307 0.481754 
0 0 0.809017 0.587785 
0 0 0.728969 0.684547 
0 0 0.637424 0.770513 
0 0 0.535827 0.844328 
0 0 0.425779 0.904827 
0 0 0.309017 0.951057 
0 0 0.187381 0.982287 
0 0 0.0627905 0.998027 
0 0 -0.0627905 0.998027 
0 0 -0.187381 0.982287 
0 0 -0.309017 0.951057 
0 0 -0.425779 0.904827 
0 0 -0.535827 0.844328 
0 0 -0.637424 0.770513 
0 0 -0.728969 0.684547 
0 0 -0.809017 0.587785 
0 0 -0.876307 0.481754 
0 0 -0.929776 0.368125 
0 0 -0.968583 0.24869 
0 0 -0.992115 0.125333 
0 0 -1 -5.85958e-009 
0 0 -0.992115 -0.125333 
0 0 -0.968583 -0.24869 
0 0 -0.929776 -0.368125 
0 0 -0.876307 -0.481754 
0 0 -0.809017 -0.587785 
0 0 -0.728969 -0.684547 
0 0 -0.637424 -0.770513 
0 0 -0.535827 -0.844328 
0 0 -0.425779 -0.904827 
0 0 -0.309017 -0.951057 
0 0 -0.187381 -0.982287 
0 0 -0.0627905 -0.998027 
0 0 0.0627905 -0.998027 
0 0 0.187381 -0.982287 
0 0 0.309017 -0.951057 
0 0 0.425779 -0.904827 
0 0 0.535827 -0.844328 
0 0 0.637424 -0.770513 
0 0 0.728969 -0.684547 
0 0 0.809017 -0.587785 
0 0 0.876307 -0.481754 
0 0 0.929776 -0.368125 
0 0 0.968583 -0.24869 
0 0 0.992115 -0.125333 
0 0 1 6.42319e-009 
0 0 0.992115 0.125333 
0 0 0.968583 0.24869 
0 0 0.929776 0.368125 
0 0 0.876307 0.481754 
0 0 0.809017 0.587785 
0 0 0.728969 0.684547 
0 0 0.637424 0.770513 
0 0 0.535827 0.844328 
0 0 0.425779 0.904827 
0 0 0.309017 0.951057 
0 0 0.187381 0.982287 
0 0 0.0627905 0.998027 
0 0 -0.0627905 0.998027 
0 0 -0.187381 0.982287 
0 0 -0.309017 0.951057 
0 0 -0.425779 0.904827 
0 0 -0.535827 0.844328 
0 0 -0.637424 0.770513 
0 0 -0.728969 0.684547 
0 0 -0.809017 0.587785 
0 0 -0.876307 0.481754 
0 0 -0.929776 0.368125 
0 0 -0.968583 0.24869 
0 0 -0.992115 0.125333 
0 0 -1 -6.98939e-009 
0 0 -0.992115 -0.125333 
0 0 -0.968583 -0.24869 
0 0 -0.929776 -0.368125 
0 0 -0.876307 -0.481754 
0 0 -0.809017 -0.587785 
0 0 -0.728969 -0.684547 
0 0 -0.637424 -0.770513 
0 0 -0.535827 -0.844328 
0 0 -0.425779 -0.904827 
0 0 -0.309017 -0.951057 
0 0 -0.187381 -0.982287 
0 0 -0.0627905 -0.998027 
0 0 0.0627905 -0.998027 
0 0 0.187381 -0.982287 
0 0 0.309017 -0.951057 
0 0 0.425779 -0.904827 
0 0 0.535827 -0.844328 
0 0 0.637424 -0.770513 
0 0 0.728969 -0.684547 
0 0 0.809017 -0.587785 
0 0 0.876307 -0.481754 
0 0 0.929776 -0.368125 
0 0 0.968583 -0.24869 
0 0 0.992115 -0.125333 
0 0 1 7.56286e-009 
0 0 0.992115 0.125333 
0 0 0.968583 0.24869 
0 0 0.929776 0.368125 
0 0 0.876307 0.481754 
0 0 0.809017 0.587785 
0 0 0.728969 0.684547 
0 0 0.637424 0.770513 
0 0 0.535827 0.844328 
0 0 0.425779 0.904827 
0 0 0.309017 0.951057 
0 0 0.187381 0.982287 
0 0 0.0627905 0.998027 
0 0 -0.0627905 0.998027 
0 0 -0.187381 0.982287 
0 0 -0.309017 0.951057 
0 0 -0.425779 0.904827 
0 0 -0.535827 0.844328 
0 0 -0.637424 0.770513 
0 0 -0.728969 0.684547 
0 0 -0.809017 0.587785 
0 0 -0.876307 0.481754 
0 0 -0.929776 0.368125 
0 0 -0.968583 0.24869 
0 0 -0.992115 0.125333 
0 0 -1 -8.13893e-009 
0 0 -0.992115 -0.125333 
0 0 -0.968583 -0.24869 
0 0 -0.929776 -0.368125 
0 0 -0.876307 -0.481754 
0 0 -0.809017 -0.587785 
0 0 -0.728969 -0.684547 
0 0 -0.637424 -0.770513 
0 0 -0.535827 -0.844328 
0 0 -0.425779 -0.904827 
0 0 -0.309017 -0.951057 
0 0 -0.187381 -0.982287 
0 0 -0.0627905 -0.998027 
0 0 0.0627905 -0.998027 
0 0 0.187381 -0.982287 
0 0 0.309017 -0.951057 
0 0 0.425779 -0.904827 
0 0 0.535827 -0.844328 
0 0 0.637424 -0.770513 
0 0 0.728969 -0.684547 
0 0 0.809017 -0.587785 
0 0 0.876307 -0.481754 
0 0 0.929776 -0.368125 
0 0 0.968583 -0.24869 
0 0 0.992115 -0.125333 
0 0 1 8.72226e-009 
0 0 0.992115 0.125333 
0 0 0.968583 0.24869 
0 0 0.929776 0.368125 
0 0 0.876307 0.481754 
0 0 0.809017 0.587785 
0 0 0.728969 0.684547 
0 0 0.637424 0.770513 
0 0 0.535827 0.844328 
0 0 0.425779 0.904827 
0 0 0.309017 0.951057 
0 0 0.187381 0.982287 
0 0 0.0627905 0.998027 
0 0 -0.0627905 0.998027 
0 0 -0.187381 0.982287 
0 0 -0.309017 0.951057 
0 0 -0.425779 0.904827 
0 0 -0.535827 0.844328 
0 0 -0.637424 0.770513 
0 0 -0.728969 0.684547 
0 0 -0.809017 0.587785 
0 0 -0.876307 0.481754 
0 0 -0.929776 0.368125 
0 0 -0.968583 0.24869 
0 0 -0.992115 0.125333 
0 0 -1 -9.30821e-009 
0 0 -0.992115 -0.125333 
0 0 -0.968583 -0.24869 
0 0 -0.929776 -0.368125 
0 0 -0.876307 -0.481754 
0 0 -0.809017 -0.587785 
0 0 -0.728969 -0.684547 
0 0 -0.637424 -0.770513 
0 0 -0.535827 -0.844328 
0 0 -0.425779 -0.904827 
0 0 -0.309017 -0.951057 
0 0 -0.187381 -0.982287 
0 0 -0.0627905 -0.998027 
0 0 0.0627905 -0.998027 
0 0 0.187381 -0.982287 
0 0 0.309017 -0.951057 
0 0 0.425779 -0.904827 
0 0 0.535827 -0.844328 
0 0 0.637424 -0.770513 
0 0 0.728969 -0.684547 
0 0 0.809017 -0.587785 
0 0 0.876307 -0.481754 
0 0 0.929776 -0.368125 
0 0 0.968583 -0.24869 
0 0 0.992115 -0.125333 
0 0 1 9.90142e-009 
0 0 0.992115 0.125333 
0 0 0.968583 0.24869 
0 0 0.929776 0.368125 
0 0 0.876307 0.481754 
0 0 0.809017 0.587785 
0 0 0.728969 0.684547 
0 0 0.637424 0.770513 
0 0 0.535827 0.844328 
0 0 0.425779 0.904827 
0 0 0.309017 0.951057 
0 0 0.187381 0.982287 
0 0 0.0627905 0.998027 
0 0 -0.0627905 0.998027 
0 0 -0.187381 0.982287 
0 0 -0.309017 0.951057 
0 0 -0.425779 0.904827 
0 0 -0.535827 0.844328 
0 0 -0.637424 0.770513 
0 0 -0.728969 0.684547 
0 0 -0.809017 0.587785 
0 0 -0.876307 0.481754 
0 0 -0.929776 0.368125 
0 0 -0.968583 0.24869 
0 0 -0.992115 0.125333 
0 0 -1 -1.04972e-008 
0 0 -0.992115 -0.125333 
0 0 -0.968583 -0.24869 
0 0 -0.929776 -0.368125 
0 0 -0.876307 -0.481754 
0 0 -0.809017 -0.587785 
0 0 -0.728969 -0.684547 
0 0 -0.637424 -0.770513 
0 0 -0.535827 -0.844328 
0 0 -0.425779 -0.904827 
0 0 -0.309017 -0.951057 
0 0 -0.187381 -0.982287 
0 0 -0.0627905 -0.998027 
0 0 0.0627905 -0.998027 
0 0 0.187381 -0.982287 
0 0 0.309017 -0.951057 
0 0 0.425779 -0.904827 
0 0 0.535827 -0.844328 
0 0 0.637424 -0.770513 
0 0 0.728969 -0.684547 
0 0 0.809017 -0.587785 
0 0 0.876307 -0.481754 
0 0 0.929776 -0.368125 
0 0 0.968583 -0.24869 
0 0 0.992115 -0.125333 
0 0 1 1.11003e-008 
