0.02 2.87617e-015 0.388984
0.04 9.22526e-015 0.386187
0.06 1.86353e-014 0.382323
0.08 3.02779e-014 0.37843
0.1 4.30229e-014 0.375608
0.12 5.56933e-014 0.374698
0.14 6.74773e-014 0.375976
0.16 7.81901e-014 0.379054
0.18 8.8209e-014 0.383023
0.2 9.80587e-014 0.386768
0.22 1.08095e-013 0.389296
0.24 1.18397e-013 0.389964
0.26 1.28848e-013 0.388607
0.28 1.39112e-013 0.385563
0.3 1.48692e-013 0.381616
0.32 1.56803e-013 0.377835
0.34 1.62535e-013 0.3753
0.36 1.6506e-013 0.37477
0.38 1.64076e-013 0.376408
0.4 1.59973e-013 0.379716
0.42 1.53747e-013 0.383726
0.44 1.4658e-013 0.387322
0.46 1.39562e-013 0.389558
0.48 1.33568e-013 0.389869
0.5 1.2919e-013 0.388179
0.52 1.26775e-013 0.38491
0.54 1.26327e-013 0.380911
0.56 1.27411e-013 0.377274
0.58 1.29237e-013 0.37505
0.6 1.30989e-013 0.374906
0.62 1.32252e-013 0.376888
0.64 1.3328e-013 0.380395
0.66 1.34808e-013 0.38441
0.68 1.37754e-013 0.387827
0.7 1.42815e-013 0.389754
0.72 1.5042e-013 0.389708
0.74 1.60715e-013 0.3877
0.76 1.73576e-013 0.384236
0.78 1.88499e-013 0.380222
0.8 2.04504e-013 0.376767
0.82 2.20256e-013 0.374876
0.84 2.343e-013 0.375119
0.86 2.45658e-013 0.377423
0.88 2.54036e-013 0.381094
0.9 2.59795e-013 0.385075
0.92 2.63562e-013 0.388282
0.94 2.65999e-013 0.389883
0.96 2.67657e-013 0.389479
0.98 2.68978e-013 0.38717
1 2.70271e-013 0.383541
1.02 2.71561e-013 0.379549
1.04 2.72498e-013 0.376307
1.06 2.72389e-013 0.374766
1.08 2.70535e-013 0.375393
1.1 2.66682e-013 0.377996
1.12 2.61317e-013 0.381799
1.14 2.55452e-013 0.385715
1.16 2.50285e-013 0.388687
1.18 2.46841e-013 0.389953
1.2 2.45977e-013 0.389197
1.22 2.48292e-013 0.386608
1.24 2.54141e-013 0.382843
1.26 2.63446e-013 0.378907
1.28 2.756e-013 0.375906
1.3 2.8946e-013 0.374727
1.32 3.0374e-013 0.375728
1.34 3.17535e-013 0.378604
1.36 3.30689e-013 0.382501
1.38 3.43589e-013 0.386318
1.4 3.56814e-013 0.389033
1.42 3.70805e-013 0.389953
1.44 3.8582e-013 0.388851
1.46 4.01913e-013 0.386001
1.48 4.18911e-013 0.382134
1.5 4.3633e-013 0.378291
1.52 4.53234e-013 0.375562
1.54 4.683e-013 0.37476
1.56 4.80184e-013 0.376129
1.58 4.88058e-013 0.379253
1.6 4.91927e-013 0.383212
1.62 4.92495e-013 0.386896
1.64 4.90753e-013 0.389328
1.66 4.87765e-013 0.389893
1.68 4.84491e-013 0.38845
1.7 4.81767e-013 0.38536
1.72 4.80214e-013 0.381422
1.74 4.80034e-013 0.377705
1.76 4.80884e-013 0.375274
1.78 4.81899e-013 0.374857
1.8 4.82172e-013 0.376581
1.82 4.81245e-013 0.379923
1.84 4.7944e-013 0.383906
1.86 4.77654e-013 0.387427
1.88 4.7689e-013 0.38956
1.9 4.78143e-013 0.389767
1.92 4.82196e-013 0.387998
1.94 4.89662e-013 0.384699
1.96 5.00876e-013 0.380727
1.98 5.15651e-013 0.377173
2 5.33126e-013 0.375063
2.02 5.51777e-013 0.375032
2.04 5.69899e-013 0.377089
2.06 5.86262e-013 0.380613
2.08 6.00435e-013 0.384582
2.1 6.12592e-013 0.387908
2.12 6.23212e-013 0.389722
2.14 6.32761e-013 0.389571
2.16 6.41736e-013 0.387492
2.18 6.5056e-013 0.384011
2.2 6.59564e-013 0.380042
2.22 6.68737e-013 0.376684
2.24 6.77479e-013 0.374916
2.26 6.84707e-013 0.375271
2.28 6.89285e-013 0.377642
2.3 6.9068e-013 0.381316
2.32 6.89143e-013 0.385239
2.34 6.85574e-013 0.388344
2.36 6.81088e-013 0.389828
2.38 6.76812e-013 0.389321
2.4 6.73826e-013 0.386949
2.42 6.73088e-013 0.383315
2.44 6.75344e-013 0.379381
2.46 6.80812e-013 0.376247
2.48 6.88966e-013 0.374835
2.5 6.98604e-013 0.375571
2.52 7.08399e-013 0.378231
2.54 7.17565e-013 0.382022
2.56 7.26087e-013 0.385865
2.58 7.34497e-013 0.388724
2.6 7.43489e-013 0.389866
2.62 7.53721e-013 0.389006
2.64 7.65723e-013 0.38636
2.66 7.79914e-013 0.382605
2.68 7.96458e-013 0.378744
2.7 8.15015e-013 0.375868
2.72 8.34497e-013 0.374828
2.74 8.53176e-013 0.37594
2.76 8.6925e-013 0.378865
2.78 8.81554e-013 0.382738
2.8 8.8981e-013 0.386466
2.82 8.94402e-013 0.389054
2.84 8.9607e-013 0.389842
2.86 8.95675e-013 0.388635
2.88 8.94197e-013 0.385735
2.9 8.92585e-013 0.381889
2.92 8.91618e-013 0.378135
2.94 8.91584e-013 0.375543
2.96 8.91994e-013 0.374885
2.98 8.91776e-013 0.376361
3 8.89838e-013 0.379523
3.02 8.85737e-013 0.383441
3.04 8.79776e-013 0.387023
3.06 8.7286e-013 0.389321
3.08 8.66067e-013 0.389752
3.1 8.60515e-013 0.388211
3.12 8.57359e-013 0.385085
3.14 8.5766e-013 0.381186
3.16 8.62227e-013 0.377576
3.18 8.71219e-013 0.375294
3.2 8.83813e-013 0.375022
3.22 8.98375e-013 0.376842
3.24 9.13188e-013 0.380204
3.26 9.27132e-013 0.384129
3.28 9.39844e-013 0.387532
3.3 9.5145e-013 0.389519
3.32 9.62293e-013 0.389591
3.34 9.72786e-013 0.38773
3.36 9.83412e-013 0.384406
3.38 9.94717e-013 0.380488
3.4 1.0071e-012 0.377056
3.42 1.02041e-012 0.375105
3.44 1.03374e-012 0.375223
3.46 1.04548e-012 0.377371
3.48 1.05417e-012 0.380906
3.5 1.05898e-012 0.384805
3.52 1.05996e-012 0.388002
3.54 1.05774e-012 0.389665
3.56 1.0532e-012 0.389377
3.58 1.04742e-012 0.38721
3.6 1.04157e-012 0.383713
3.62 1.03685e-012 0.37981
3.64 1.03427e-012 0.376585
3.66 1.03415e-012 0.374981
3.68 1.03588e-012 0.375484
3.7 1.03816e-012 0.377939
3.72 1.03977e-012 0.381612
3.74 1.04016e-012 0.385451
3.76 1.0395e-012 0.388417
3.78 1.03842e-012 0.389743
3.8 1.03776e-012 0.389098
3.82 1.03838e-012 0.386643
3.84 1.04124e-012 0.383006
3.86 1.04724e-012 0.379153
3.88 1.05697e-012 0.376169
3.9 1.07024e-012 0.374932
3.92 1.08582e-012 0.375817
3.94 1.10172e-012 0.378554
3.96 1.11604e-012 0.38233
3.98 1.12753e-012 0.386074
4 1.13577e-012 0.388781
4.02 1.14087e-012 0.389756
4.04 1.14326e-012 0.388758
4.06 1.14362e-012 0.386035
4.08 1.14284e-012 0.382288
4.1 1.14198e-012 0.378523
4.12 1.14185e-012 0.375809
4.14 1.14259e-012 0.37495
4.16 1.1434e-012 0.376207
4.18 1.14289e-012 0.379198
4.2 1.13985e-012 0.383041
4.22 1.13378e-012 0.386657
4.24 1.12491e-012 0.389084
4.26 1.11395e-012 0.389704
4.28 1.10186e-012 0.388364
4.3 1.08984e-012 0.3854
4.32 1.07927e-012 0.381579
4.34 1.07164e-012 0.377938
4.36 1.06809e-012 0.375519
4.38 1.06891e-012 0.375044
4.4 1.07321e-012 0.376657
4.42 1.07945e-012 0.379869
4.44 1.08617e-012 0.38374
4.46 1.09253e-012 0.387195
4.48 1.09834e-012 0.389322
4.5 1.10375e-012 0.389582
4.52 1.1091e-012 0.387912
4.54 1.11487e-012 0.384731
4.56 1.12174e-012 0.38087
4.58 1.13051e-012 0.377388
4.6 1.14171e-012 0.375289
4.62 1.15504e-012 0.375204
4.64 1.16919e-012 0.377158
4.66 1.18226e-012 0.380563
4.68 1.19256e-012 0.384432
4.7 1.19915e-012 0.387699
4.72 1.20179e-012 0.38951
4.74 1.20073e-012 0.389408
4.76 1.19654e-012 0.387419
4.78 1.19015e-012 0.384046
4.8 1.1827e-012 0.380177
4.82 1.17557e-012 0.376881
4.84 1.1698e-012 0.37512
4.86 1.16557e-012 0.375424
4.88 1.16205e-012 0.3777
4.9 1.15793e-012 0.381266
4.92 1.15217e-012 0.385096
4.94 1.14441e-012 0.388148
4.96 1.13483e-012 0.389628
4.98 1.12407e-012 0.389166
5 1.11298e-012 0.386877
5.02 1.10268e-012 0.383344
5.04 1.09453e-012 0.379505
5.06 1.08998e-012 0.376432
5.08 1.08998e-012 0.375029
5.1 1.09442e-012 0.37572
5.12 1.10203e-012 0.378294
5.14 1.11093e-012 0.381984
5.16 1.11943e-012 0.385739
5.18 1.12647e-012 0.388546
5.2 1.13152e-012 0.38968
5.22 1.13447e-012 0.38886
5.24 1.13548e-012 0.386289
5.26 1.1351e-012 0.382627
5.28 1.13423e-012 0.378853
5.3 1.13397e-012 0.376035
5.32 1.13507e-012 0.375004
5.34 1.13738e-012 0.376075
5.36 1.13973e-012 0.37892
5.38 1.14056e-012 0.3827
5.4 1.13865e-012 0.386347
5.42 1.13335e-012 0.388887
5.44 1.12464e-012 0.38967
5.46 1.11288e-012 0.3885
5.48 1.0988e-012 0.385672
5.5 1.08348e-012 0.381915
5.52 1.06843e-012 0.378243
5.54 1.05529e-012 0.375704
5.56 1.0453e-012 0.375053
5.58 1.03861e-012 0.376489
5.6 1.03434e-012 0.379575
5.62 1.03119e-012 0.383407
5.64 1.02812e-012 0.386914
5.66 1.02465e-012 0.389166
5.68 1.02069e-012 0.389591
5.7 1.01646e-012 0.388082
5.72 1.01237e-012 0.38502
5.74 1.00909e-012 0.3812
5.76 1.00766e-012 0.377665
5.78 1.00923e-012 0.375431
5.8 1.01437e-012 0.375169
5.82 1.02266e-012 0.376958
5.84 1.03261e-012 0.380258
5.86 1.04234e-012 0.38411
5.88 1.05026e-012 0.387447
5.9 1.05539e-012 0.389394
5.92 1.05724e-012 0.389457
5.94 1.05568e-012 0.38762
5.96 1.05099e-012 0.384348
5.98 1.04387e-012 0.380497
6 1.03551e-012 0.377128
6.02 1.0272e-012 0.37522
6.04 1.01982e-012 0.375347
6.06 1.01322e-012 0.377471
6.08 1.00641e-012 0.380953
6.1 9.98117e-013 0.384789
6.12 9.8748e-013 0.387928
6.14 9.74106e-013 0.389553
6.16 9.58109e-013 0.389254
6.18 9.39921e-013 0.387106
6.2 9.20327e-013 0.383654
6.22 9.00608e-013 0.379811
6.24 8.82467e-013 0.376647
6.26 8.6766e-013 0.375087
6.28 8.57286e-013 0.375604
6.3 8.5125e-013 0.37804
6.32 8.48449e-013 0.381668
6.34 8.47426e-013 0.385449
6.36 8.46943e-013 0.388359
6.38 8.46188e-013 0.389645
6.4 8.44622e-013 0.388984
6.42 8.42017e-013 0.386542
6.44 8.38439e-013 0.382941
6.46 8.34396e-013 0.379142
6.48 8.30902e-013 0.376213
6.5 8.29119e-013 0.375018
6.52 8.29638e-013 0.37592
6.54 8.31991e-013 0.378645
6.56 8.34853e-013 0.382385
6.58 8.36708e-013 0.38608
6.6 8.36327e-013 0.388739
6.62 8.32922e-013 0.389678
6.64 8.26135e-013 0.388663
6.66 8.15909e-013 0.385949
6.68 8.02625e-013 0.382231
6.7 7.87185e-013 0.37851
6.72 7.71037e-013 0.375843
6.74 7.55757e-013 0.375021
6.76 7.42292e-013 0.376295
6.78 7.30604e-013 0.379279
6.8 7.19893e-013 0.383094
6.82 7.09187e-013 0.38667
6.84 6.97806e-013 0.389056
6.86 6.85449e-013 0.389642
6.88 6.72086e-013 0.388283
6.9 6.57891e-013 0.385318
6.92 6.43419e-013 0.381516
6.94 6.29608e-013 0.377909
6.96 6.17863e-013 0.375531
6.98 6.0957e-013 0.375093
7 6.05385e-013 0.376729
7.02 6.0482e-013 0.379945
7.04 6.06567e-013 0.383803
7.06 6.09115e-013 0.38723
7.08 6.11177e-013 0.389322
7.1 6.1177e-013 0.389549
7.12 6.1024e-013 0.387853
7.14 6.06174e-013 0.384661
7.16 5.99634e-013 0.380806
7.18 5.91201e-013 0.377345
7.2 5.81975e-013 0.375279
7.22 5.73103e-013 0.375229
7.24 5.65138e-013 0.377211
7.26 5.57681e-013 0.380629
7.28 5.49692e-013 0.384493
7.3 5.40087e-013 0.38774
7.32 5.28011e-013 0.389521
7.34 5.12959e-013 0.389386
7.36 4.94715e-013 0.387369
7.38 4.73414e-013 0.38398
7.4 4.49644e-013 0.380111
7.42 4.24651e-013 0.376833
7.44 4.00191e-013 0.375104
7.46 3.78002e-013 0.375445
7.48 3.59076e-013 0.377752
7.5 3.43379e-013 0.381336
7.52 3.30191e-013 0.385167
7.54 3.18645e-013 0.388202
7.56 3.08e-013 0.389653
7.58 2.97691e-013 0.389156
7.6 2.8726e-013 0.386834
7.62 2.76464e-013 0.383277
7.64 2.65362e-013 0.379429
7.66 2.54589e-013 0.376367
7.68 2.45312e-013 0.374991
7.7 2.38635e-013 0.375719
7.72 2.34943e-013 0.37833
7.74 2.33713e-013 0.382048
7.76 2.33771e-013 0.385815
7.78 2.33835e-013 0.388616
7.8 2.32785e-013 0.389729
7.82 2.29753e-013 0.388875
7.84 2.24047e-013 0.386268
7.86 2.15271e-013 0.382574
7.88 2.03457e-013 0.378781
7.9 1.8931e-013 0.375961
7.92 1.73994e-013 0.374949
7.94 1.58716e-013 0.376054
7.96 1.44038e-013 0.37894
7.98 1.29748e-013 0.382755
8 1.15186e-013 0.386425
8.02 9.96564e-014 0.388967
8.04 8.26795e-014 0.389734
8.06 6.3928e-014 0.388531
8.08 4.33178e-014 0.385661
8.1 2.09685e-014 0.381862
8.12 2.52316e-015 0.378161
8.14 2.60156e-014 0.375613
8.16 4.78966e-014 0.374979
8.18 6.67513e-014 0.376452
8.2 8.19475e-014 0.379588
8.22 9.37644e-014 0.383467
8.24 1.03042e-013 0.387007
8.26 1.1075e-013 0.389269
8.28 1.17851e-013 0.389679
8.3 1.25132e-013 0.388134
8.32 1.33329e-013 0.385021
8.34 1.42964e-013 0.381148
8.36 1.54096e-013 0.377572
8.38 1.66181e-013 0.375322
8.4 1.78202e-013 0.375074
8.42 1.89229e-013 0.376903
8.44 1.98981e-013 0.380259
8.46 2.07907e-013 0.384165
8.48 2.16876e-013 0.387543
8.5 2.26834e-013 0.389505
8.52 2.38631e-013 0.389556
8.54 2.52983e-013 0.387683
8.56 2.70421e-013 0.384357
8.58 2.91226e-013 0.380448
8.6 3.15093e-013 0.377034
8.62 3.41033e-013 0.375107
8.64 3.67554e-013 0.375246
8.66 3.93274e-013 0.377412
8.68 4.17412e-013 0.380952
8.7 4.39861e-013 0.384848
8.72 4.6091e-013 0.388032
8.74 4.80945e-013 0.389676
8.76 5.00345e-013 0.389366
8.78 5.19472e-013 0.387179
8.8 5.38682e-013 0.383667
8.82 5.58208e-013 0.379758
8.84 5.77864e-013 0.376539
8.86 5.96878e-013 0.374953
8.88 6.1407e-013 0.37548
8.9 6.28422e-013 0.377961
8.92 6.39561e-013 0.381655
8.94 6.47833e-013 0.385508
8.96 6.53997e-013 0.388475
8.98 6.5897e-013 0.38979
9 6.6369e-013 0.389124
9.02 6.69033e-013 0.386642
9.04 6.75842e-013 0.382975
9.06 6.84779e-013 0.379098
9.08 6.96036e-013 0.376102
9.1 7.09217e-013 0.374869
9.12 7.23489e-013 0.375775
9.14 7.38099e-013 0.378545
9.16 7.52788e-013 0.382358
9.18 7.67748e-013 0.386133
9.2 7.83506e-013 0.388857
9.22 8.00589e-013 0.389833
9.24 8.19495e-013 0.388816
9.26 8.4067e-013 0.386059
9.28 8.64401e-013 0.382268
9.3 8.90744e-013 0.378462
9.32 9.19194e-013 0.37572
9.34 9.48658e-013 0.374858
9.36 9.77657e-013 0.376139
9.38 1.00492e-012 0.379174
9.4 1.02975e-012 0.383071
9.42 1.05203e-012 0.386734
9.44 1.072e-012 0.389191
9.46 1.09012e-012 0.389816
9.48 1.10692e-012 0.388451
9.5 1.123e-012 0.385438
9.52 1.13908e-012 0.381555
9.54 1.15563e-012 0.377853
9.56 1.17277e-012 0.375394
9.58 1.19e-012 0.374912
9.6 1.20643e-012 0.376556
9.62 1.22132e-012 0.379828
9.64 1.23442e-012 0.383772
9.66 1.24597e-012 0.387293
9.68 1.25654e-012 0.389463
9.7 1.26684e-012 0.389732
9.72 1.27767e-012 0.388033
9.74 1.28988e-012 0.384793
9.76 1.30428e-012 0.380853
9.78 1.32149e-012 0.377293
9.8 1.34162e-012 0.375141
9.82 1.36414e-012 0.375044
9.84 1.38813e-012 0.377032
9.86 1.41269e-012 0.380506
9.88 1.43723e-012 0.38446
9.9 1.46154e-012 0.387805
9.92 1.48559e-012 0.389668
9.94 1.50949e-012 0.389579
9.96 1.53339e-012 0.38756
9.98 1.55755e-012 0.38412
10 1.5823e-012 0.380159
10.02 1.6078e-012 0.376774
10.04 1.63384e-012 0.37495
10.06 1.65966e-012 0.375238
10.08 1.68417e-012 0.377553
10.1 1.70645e-012 0.381199
10.12 1.72597e-012 0.385129
10.14 1.74269e-012 0.388273
10.16 1.75688e-012 0.389817
10.18 1.76904e-012 0.389372
10.2 1.77977e-012 0.38705
10.22 1.78986e-012 0.383437
10.24 1.80014e-012 0.379489
10.26 1.81137e-012 0.376307
10.28 1.82391e-012 0.374827
10.3 1.83763e-012 0.375497
10.32 1.85204e-012 0.378113
10.34 1.86664e-012 0.381896
10.36 1.88124e-012 0.385769
10.38 1.89595e-012 0.388685
10.4 1.91111e-012 0.389895
10.42 1.9272e-012 0.389098
10.44 1.94477e-012 0.38649
10.46 1.96441e-012 0.382736
10.48 1.98671e-012 0.378838
10.5 2.01197e-012 0.375894
10.52 2.04005e-012 0.374777
10.54 2.07021e-012 0.375825
10.56 2.10132e-012 0.378722
10.58 2.13229e-012 0.382609
10.6 2.16235e-012 0.386388
10.62 2.19096e-012 0.389049
10.64 2.2179e-012 0.389914
10.66 2.24317e-012 0.388766
10.68 2.26695e-012 0.385891
10.7 2.28963e-012 0.382026
10.72 2.31181e-012 0.378212
10.74 2.33397e-012 0.375534
10.76 2.35624e-012 0.374791
10.78 2.37821e-012 0.376209
10.8 2.39914e-012 0.379357
10.82 2.41828e-012 0.383311
10.84 2.43517e-012 0.386966
10.86 2.44971e-012 0.389353
10.88 2.4621e-012 0.389867
10.9 2.47274e-012 0.38838
10.92 2.48226e-012 0.385265
10.94 2.49147e-012 0.381325
10.96 2.50136e-012 0.377633
10.98 2.51285e-012 0.375247
11 2.52652e-012 0.374883
11.02 2.5424e-012 0.376652
11.04 2.5601e-012 0.380019
11.06 2.5791e-012 0.384002
11.08 2.59893e-012 0.387497
11.1 2.61932e-012 0.389589
11.12 2.64015e-012 0.389748
11.14 2.66139e-012 0.387936
11.16 2.68316e-012 0.384607
11.18 2.70571e-012 0.380628
11.2 2.72944e-012 0.377091
11.22 2.75461e-012 0.375021
11.24 2.78118e-012 0.375041
11.26 2.8086e-012 0.377146
11.28 2.83598e-012 0.380702
11.3 2.86233e-012 0.38468
11.32 2.88691e-012 0.38799
11.34 2.90924e-012 0.389771
11.36 2.92911e-012 0.389575
11.38 2.94656e-012 0.387451
11.4 2.96185e-012 0.383934
11.42 2.97553e-012 0.379947
11.44 2.98835e-012 0.376596
11.46 3.00111e-012 0.37486
11.48 3.01437e-012 0.375263
11.5 3.02818e-012 0.377683
11.52 3.0422e-012 0.381394
11.54 3.05596e-012 0.385334
11.56 3.0691e-012 0.38843
11.58 3.08154e-012 0.389885
11.6 3.09343e-012 0.389334
11.62 3.10508e-012 0.386915
11.64 3.11704e-012 0.38324
11.66 3.13002e-012 0.379284
11.68 3.14488e-012 0.376154
11.7 3.16239e-012 0.374771
11.72 3.18296e-012 0.375557
11.74 3.20643e-012 0.37827
11.76 3.23214e-012 0.382104
11.78 3.2592e-012 0.385968
11.8 3.28671e-012 0.388823
11.82 3.31399e-012 0.389937
11.84 3.34046e-012 0.389034
11.86 3.36579e-012 0.386336
11.88 3.38989e-012 0.382534
11.9 3.41298e-012 0.378643
11.92 3.43555e-012 0.375763
11.94 3.45817e-012 0.374748
11.96 3.48113e-012 0.375907
11.98 3.50415e-012 0.378887
12 3.52655e-012 0.382807
12.02 3.54747e-012 0.386564
12.04 3.5662e-012 0.389156
12.06 3.58224e-012 0.389924
12.08 3.59537e-012 0.388678
12.1 3.60561e-012 0.385728
12.12 3.61325e-012 0.381834
12.14 3.61892e-012 0.378046
12.16 3.62368e-012 0.375443
12.18 3.62869e-012 0.374803
12.2 3.63492e-012 0.37632
12.22 3.64287e-012 0.379534
12.24 3.65242e-012 0.383501
12.26 3.66325e-012 0.387116
12.28 3.67495e-012 0.389423
12.3 3.68729e-012 0.389839
12.32 3.7001e-012 0.388261
12.34 3.71338e-012 0.385085
12.36 3.72722e-012 0.381132
12.38 3.74199e-012 0.377481
12.4 3.75826e-012 0.375182
12.42 3.77666e-012 0.374925
12.44 3.79752e-012 0.376788
12.46 3.82063e-012 0.380208
12.48 3.84523e-012 0.38419
12.5 3.87035e-012 0.387635
12.52 3.89499e-012 0.389639
12.54 3.91839e-012 0.3897
12.56 3.93994e-012 0.387801
12.58 3.95925e-012 0.38442
12.6 3.97623e-012 0.380441
12.62 3.99118e-012 0.376958
12.64 4.00484e-012 0.374982
12.66 4.0181e-012 0.375109
12.68 4.03163e-012 0.377299
12.7 4.04553e-012 0.380894
12.72 4.05939e-012 0.384857
12.74 4.07254e-012 0.388103
12.76 4.08442e-012 0.389789
12.78 4.09464e-012 0.389493
12.8 4.10303e-012 0.387289
12.82 4.10965e-012 0.383735
12.84 4.11484e-012 0.379767
12.86 4.11937e-012 0.376487
12.88 4.1244e-012 0.374856
12.9 4.13127e-012 0.375367
12.92 4.141e-012 0.377864
12.94 4.15396e-012 0.3816
12.96 4.16982e-012 0.385505
12.98 4.1879e-012 0.388522
13 4.2074e-012 0.389873
13.02 4.22755e-012 0.389222
13.04 4.24767e-012 0.386731
13.06 4.26724e-012 0.383033
13.08 4.28595e-012 0.379112
13.1 4.30396e-012 0.376067
13.12 4.32189e-012 0.374797
13.14 4.34056e-012 0.375686
13.16 4.36049e-012 0.378463
13.18 4.38154e-012 0.382304
13.2 4.40303e-012 0.386119
13.22 4.42397e-012 0.388884
13.24 4.44342e-012 0.389893
13.26 4.46056e-012 0.388895
13.28 4.47471e-012 0.38614
13.3 4.48544e-012 0.382333
13.32 4.49261e-012 0.378495
13.34 4.49669e-012 0.375714
13.36 4.49874e-012 0.374813
13.38 4.50016e-012 0.376068
13.4 4.50217e-012 0.379096
13.42 4.50535e-012 0.383004
13.44 4.50965e-012 0.386693
13.46 4.51471e-012 0.389184
13.48 4.52018e-012 0.389843
13.5 4.52576e-012 0.388507
13.52 4.53124e-012 0.38551
13.54 4.5365e-012 0.381626
13.56 4.54166e-012 0.377907
13.58 4.54723e-012 0.375416
13.6 4.55421e-012 0.374897
13.62 4.56377e-012 0.376508
13.64 4.57674e-012 0.37976
13.66 4.5932e-012 0.383703
13.68 4.6126e-012 0.387239
13.7 4.63401e-012 0.389436
13.72 4.6564e-012 0.389739
13.74 4.6788e-012 0.388073
13.76 4.70028e-012 0.384856
13.78 4.72009e-012 0.380926
13.8 4.73786e-012 0.377356
13.82 4.75375e-012 0.375177
13.84 4.76858e-012 0.375043
13.86 4.78341e-012 0.376993
13.88 4.799e-012 0.38044
13.9 4.81533e-012 0.384382
13.92 4.83182e-012 0.387734
13.94 4.84764e-012 0.38962
13.96 4.86196e-012 0.389565
13.98 4.87402e-012 0.387585
14 4.88323e-012 0.38418
14.02 4.88918e-012 0.380241
14.04 4.89188e-012 0.376858
14.06 4.89208e-012 0.375015
14.08 4.89124e-012 0.375267
14.1 4.89116e-012 0.377536
14.12 4.89327e-012 0.381141
14.14 4.89825e-012 0.385044
14.16 4.90603e-012 0.388181
14.18 4.9162e-012 0.389737
14.2 4.92811e-012 0.389325
14.22 4.94112e-012 0.387046
14.24 4.95448e-012 0.38348
14.26 4.96756e-012 0.379571
14.28 4.97998e-012 0.376407
14.3 4.99204e-012 0.374918
14.32 5.00466e-012 0.375553
14.34 5.01903e-012 0.378118
14.36 5.0359e-012 0.381847
14.38 5.05525e-012 0.385678
14.4 5.07641e-012 0.388576
14.42 5.09844e-012 0.389794
14.44 5.12028e-012 0.389029
14.46 5.14085e-012 0.386474
14.48 5.1591e-012 0.38278
14.5 5.17411e-012 0.378934
14.52 5.1854e-012 0.376018
14.54 5.19334e-012 0.374893
14.56 5.19908e-012 0.375901
14.58 5.20412e-012 0.378734
14.6 5.20956e-012 0.382552
14.62 5.21582e-012 0.386277
14.64 5.22272e-012 0.388911
14.66 5.22982e-012 0.389781
14.68 5.23667e-012 0.388672
14.7 5.24281e-012 0.38586
14.72 5.24778e-012 0.38207
14.74 5.25125e-012 0.378322
14.76 5.25328e-012 0.375683
14.78 5.25464e-012 0.374937
14.8 5.25688e-012 0.37631
14.82 5.26166e-012 0.379385
14.84 5.27019e-012 0.383259
14.86 5.2828e-012 0.386847
14.88 5.29913e-012 0.389198
14.9 5.31845e-012 0.389713
14.92 5.33985e-012 0.388266
14.94 5.36227e-012 0.385219
14.96 5.38455e-012 0.381363
14.98 5.40571e-012 0.377746
15 5.4252e-012 0.375407
15.02 5.44333e-012 0.375044
15.04 5.46116e-012 0.376768
15.06 5.47992e-012 0.380056
15.08 5.5003e-012 0.38395
15.1 5.5222e-012 0.38737
15.12 5.54495e-012 0.389417
15.14 5.56762e-012 0.389574
15.16 5.58914e-012 0.387803
15.18 5.60839e-012 0.384551
15.2 5.62423e-012 0.380667
15.22 5.6357e-012 0.37722
15.24 5.64249e-012 0.375207
15.26 5.64536e-012 0.375232
15.28 5.64599e-012 0.377287
15.3 5.64636e-012 0.380753
15.32 5.64798e-012 0.384627
15.34 5.65154e-012 0.387846
15.36 5.65716e-012 0.389571
15.38 5.66464e-012 0.389367
15.4 5.67358e-012 0.387287
15.42 5.68333e-012 0.383857
15.44 5.69311e-012 0.379982
15.46 5.70217e-012 0.376737
15.48 5.71023e-012 0.375069
15.5 5.71793e-012 0.375481
15.52 5.72663e-012 0.377848
15.54 5.73789e-012 0.38146
15.56 5.7526e-012 0.385282
15.58 5.77089e-012 0.388276
15.6 5.79232e-012 0.389667
15.62 5.81607e-012 0.389106
15.64 5.84112e-012 0.386736
15.66 5.86623e-012 0.383158
15.68 5.89e-012 0.379325
15.7 5.91117e-012 0.376311
15.72 5.92912e-012 0.375001
15.74 5.94428e-012 0.375793
15.76 5.9579e-012 0.378444
15.78 5.97136e-012 0.382166
15.8 5.9855e-012 0.385903
15.82 6.00045e-012 0.388647
15.84 6.0159e-012 0.389694
15.86 6.03128e-012 0.388783
15.88 6.04594e-012 0.386141
15.9 6.05907e-012 0.382447
15.92 6.06977e-012 0.378692
15.94 6.07734e-012 0.375939
15.96 6.08179e-012 0.375003
15.98 6.0842e-012 0.376168
16 6.08649e-012 0.37908
16.02 6.09062e-012 0.38288
16.04 6.09793e-012 0.386498
16.06 6.10898e-012 0.38897
16.08 6.1237e-012 0.389663
16.1 6.1417e-012 0.388406
16.12 6.16222e-012 0.385513
16.14 6.18423e-012 0.381734
16.16 6.20646e-012 0.378091
16.18 6.22776e-012 0.375625
16.2 6.24769e-012 0.375071
16.22 6.26689e-012 0.376597
16.24 6.28668e-012 0.379741
16.26 6.30837e-012 0.383582
16.28 6.33261e-012 0.387049
16.3 6.35933e-012 0.389227
16.32 6.38798e-012 0.389562
16.34 6.41768e-012 0.387972
16.36 6.44726e-012 0.384857
16.38 6.47526e-012 0.381029
16.4 6.50004e-012 0.377536
16.42 6.5202e-012 0.375384
16.44 6.53526e-012 0.375219
16.46 6.54599e-012 0.377089
16.48 6.55407e-012 0.380431
16.5 6.56126e-012 0.384273
16.52 6.56876e-012 0.387556
16.54 6.57719e-012 0.389419
16.56 6.58674e-012 0.389392
16.58 6.59734e-012 0.387482
16.6 6.60867e-012 0.384171
16.62 6.62002e-012 0.38033
16.64 6.63044e-012 0.37702
16.66 6.63913e-012 0.375204
16.68 6.64603e-012 0.375428
16.7 6.65222e-012 0.377624
16.72 6.65945e-012 0.381133
16.74 6.66936e-012 0.384946
16.76 6.68298e-012 0.38802
16.78 6.70066e-012 0.389557
16.8 6.72226e-012 0.38917
16.82 6.74725e-012 0.386957
16.84 6.77471e-012 0.383479
16.86 6.80336e-012 0.379657
16.88 6.8316e-012 0.376559
16.9 6.85809e-012 0.375092
16.92 6.88233e-012 0.375699
16.94 6.90496e-012 0.378196
16.96 6.92725e-012 0.381838
16.98 6.95031e-012 0.385586
17 6.97467e-012 0.388426
17.02 7.00031e-012 0.389625
17.04 7.02682e-012 0.388883
17.06 7.05351e-012 0.386385
17.08 7.07944e-012 0.38277
17.1 7.10334e-012 0.379006
17.12 7.12376e-012 0.376152
17.14 7.13966e-012 0.375052
17.16 7.15103e-012 0.37604
17.18 7.15919e-012 0.378815
17.2 7.16612e-012 0.382556
17.22 7.17371e-012 0.386205
17.24 7.18323e-012 0.388784
17.26 7.1954e-012 0.389633
17.28 7.21049e-012 0.388537
17.3 7.22841e-012 0.385773
17.32 7.24859e-012 0.382053
17.34 7.26997e-012 0.378379
17.36 7.29121e-012 0.375799
17.38 7.31123e-012 0.375078
17.4 7.3299e-012 0.376437
17.42 7.34822e-012 0.379462
17.44 7.3677e-012 0.383266
17.46 7.38964e-012 0.386784
17.48 7.41476e-012 0.389081
17.5 7.4432e-012 0.389572
17.52 7.4747e-012 0.388136
17.54 7.50858e-012 0.385132
17.56 7.54369e-012 0.381342
17.58 7.57836e-012 0.377798
17.6 7.61063e-012 0.375517
17.62 7.63894e-012 0.375182
17.64 7.66282e-012 0.376895
17.66 7.68308e-012 0.380139
17.68 7.70106e-012 0.383967
17.7 7.71805e-012 0.38732
17.72 7.73489e-012 0.389314
17.74 7.75204e-012 0.389444
17.76 7.76967e-012 0.387677
17.78 7.78774e-012 0.38446
17.8 7.80578e-012 0.380634
17.82 7.82288e-012 0.377252
17.84 7.83783e-012 0.375294
17.86 7.84981e-012 0.375349
17.88 7.85908e-012 0.377401
17.9 7.86698e-012 0.380833
17.92 7.87531e-012 0.384654
17.94 7.88568e-012 0.387815
17.96 7.89919e-012 0.389492
17.98 7.91647e-012 0.389262
18 7.93773e-012 0.387182
18.02 7.96275e-012 0.383778
18.04 7.99082e-012 0.379949
18.06 8.02064e-012 0.376759
18.08 8.0506e-012 0.375139
18.1 8.07956e-012 0.375579
18.12 8.10735e-012 0.377946
18.14 8.1348e-012 0.381533
18.16 8.16305e-012 0.385311
18.18 8.193e-012 0.388255
18.2 8.22504e-012 0.389601
18.22 8.25917e-012 0.389012
18.24 8.29505e-012 0.386635
18.26 8.33194e-012 0.383075
18.28 8.36865e-012 0.379281
18.3 8.40343e-012 0.376317
18.32 8.43442e-012 0.375057
18.34 8.46039e-012 0.375883
18.36 8.48137e-012 0.378544
18.38 8.49855e-012 0.382251
18.4 8.51357e-012 0.385951
18.42 8.52794e-012 0.388649
18.44 8.54281e-012 0.389649
18.46 8.55897e-012 0.388702
18.48 8.57694e-012 0.386045
18.5 8.59679e-012 0.382358
18.52 8.6181e-012 0.378633
18.54 8.63977e-012 0.375926
18.56 8.66046e-012 0.375039
18.58 8.67933e-012 0.376243
18.6 8.69663e-012 0.379172
18.62 8.71352e-012 0.382965
18.64 8.73149e-012 0.386555
18.66 8.75178e-012 0.388984
18.68 8.77528e-012 0.389632
18.7 8.80245e-012 0.388337
18.72 8.8334e-012 0.385424
18.74 8.8678e-012 0.381646
18.76 8.90463e-012 0.378028
18.78 8.9422e-012 0.375604
18.8 8.97861e-012 0.375098
18.82 9.01251e-012 0.376665
18.84 9.04363e-012 0.379831
18.86 9.07261e-012 0.38367
18.88 9.10038e-012 0.387115
18.9 9.1277e-012 0.389254
18.92 9.15508e-012 0.389545
18.94 9.18284e-012 0.387914
18.96 9.21109e-012 0.384771
18.98 9.23965e-012 0.380936
19 9.26779e-012 0.377458
19.02 9.29424e-012 0.375342
19.04 9.31761e-012 0.375223
19.06 9.33716e-012 0.377138
19.08 9.35333e-012 0.380512
19.1 9.36738e-012 0.384366
19.12 9.38089e-012 0.387638
19.14 9.39526e-012 0.389472
19.16 9.41161e-012 0.389403
19.18 9.43076e-012 0.387448
19.2 9.45321e-012 0.384101
19.22 9.47904e-012 0.38024
19.24 9.50764e-012 0.376934
19.26 9.53777e-012 0.375145
19.28 9.56804e-012 0.375412
19.3 9.59767e-012 0.377656
19.32 9.62683e-012 0.381205
19.34 9.65642e-012 0.385038
19.36 9.68746e-012 0.388109
19.38 9.72071e-012 0.389621
19.4 9.75668e-012 0.389192
19.42 9.79557e-012 0.386929
19.44 9.83724e-012 0.383407
19.46 9.88104e-012 0.379559
19.48 9.92562e-012 0.37646
19.5 9.969e-012 0.37502
19.52 1.00092e-011 0.375676
19.54 1.0045e-011 0.378229
19.56 1.00763e-011 0.381919
19.58 1.0104e-011 0.385695
19.6 1.01291e-011 0.388536
19.62 1.01527e-011 0.389709
19.64 1.01756e-011 0.388919
19.66 1.01987e-011 0.386364
19.68 1.02225e-011 0.382696
19.7 1.02473e-011 0.378895
19.72 1.02726e-011 0.376034
19.74 1.02972e-011 0.374959
19.76 1.03199e-011 0.375997
19.78 1.03402e-011 0.378834
19.8 1.03583e-011 0.382631
19.82 1.03755e-011 0.386317
19.84 1.03929e-011 0.388905
19.86 1.04119e-011 0.389733
19.88 1.04334e-011 0.388592
19.9 1.04583e-011 0.385769
19.92 1.04869e-011 0.381989
19.94 1.05194e-011 0.378272
19.96 1.0555e-011 0.375676
19.98 1.05922e-011 0.374974
20 1.06295e-011 0.376381
20.02 1.06659e-011 0.379471
20.04 1.07014e-011 0.383337
20.06 1.07364e-011 0.386898
20.08 1.07714e-011 0.389211
20.1 1.08068e-011 0.389686
20.12 1.0843e-011 0.388204
20.14 1.08802e-011 0.385136
20.16 1.09186e-011 0.381278
20.18 1.09576e-011 0.377681
20.2 1.09963e-011 0.375377
20.22 1.10333e-011 0.375058
20.24 1.10669e-011 0.376822
20.26 1.10966e-011 0.380137
20.28 1.11227e-011 0.384038
20.3 1.11461e-011 0.387446
20.32 1.11678e-011 0.389465
20.34 1.1189e-011 0.389583
20.36 1.12108e-011 0.38777
20.38 1.1234e-011 0.384481
20.4 1.12594e-011 0.380576
20.42 1.12871e-011 0.377129
20.44 1.13168e-011 0.375139
20.46 1.13472e-011 0.375205
20.48 1.13773e-011 0.377309
20.5 1.14068e-011 0.380819
20.52 1.14358e-011 0.384722
20.54 1.14652e-011 0.387946
20.56 1.14959e-011 0.389652
20.58 1.15287e-011 0.389411
20.6 1.15644e-011 0.387281
20.62 1.16033e-011 0.3838
20.64 1.16457e-011 0.379886
20.66 1.16913e-011 0.376626
20.68 1.17387e-011 0.374973
20.7 1.17862e-011 0.375429
20.72 1.18319e-011 0.377854
20.74 1.18749e-011 0.381525
20.76 1.19148e-011 0.38539
20.78 1.1952e-011 0.388401
20.8 1.19869e-011 0.389778
20.82 1.202e-011 0.389176
20.84 1.20522e-011 0.386744
20.86 1.2084e-011 0.383099
20.88 1.2116e-011 0.379211
20.9 1.21484e-011 0.37617
20.92 1.21806e-011 0.374871
20.94 1.22114e-011 0.375711
20.96 1.22397e-011 0.378434
20.98 1.22653e-011 0.382232
21 1.22882e-011 0.386028
21.02 1.23095e-011 0.388801
21.04 1.233e-011 0.38984
21.06 1.23507e-011 0.388885
21.08 1.23729e-011 0.386174
21.1 1.23973e-011 0.3824
21.12 1.24249e-011 0.378574
21.14 1.2456e-011 0.37578
21.16 1.249e-011 0.374847
21.18 1.25259e-011 0.376059
21.2 1.25627e-011 0.379049
21.22 1.26e-011 0.382935
21.24 1.26376e-011 0.386626
21.26 1.26758e-011 0.389138
21.28 1.27149e-011 0.38983
21.3 1.27554e-011 0.38853
21.32 1.27974e-011 0.385562
21.34 1.28413e-011 0.38169
21.36 1.28872e-011 0.377963
21.38 1.29346e-011 0.375445
21.4 1.29822e-011 0.37489
21.42 1.30286e-011 0.376467
21.44 1.30724e-011 0.379699
21.46 1.31129e-011 0.383642
21.48 1.31499e-011 0.387197
21.5 1.31839e-011 0.389426
21.52 1.32156e-011 0.389765
21.54 1.32456e-011 0.388127
21.56 1.32749e-011 0.384923
21.58 1.33044e-011 0.380984
21.6 1.33348e-011 0.377387
21.62 1.33664e-011 0.375168
21.64 1.33989e-011 0.374996
21.66 1.34312e-011 0.376923
21.68 1.34626e-011 0.380369
21.7 1.34928e-011 0.384332
21.72 1.3522e-011 0.387722
21.74 1.35508e-011 0.38965
21.76 1.35799e-011 0.389632
21.78 1.36103e-011 0.38767
21.8 1.36428e-011 0.384258
21.82 1.36783e-011 0.380289
21.84 1.37173e-011 0.376858
21.86 1.37599e-011 0.374965
21.88 1.38052e-011 0.37518
21.9 1.38519e-011 0.377438
21.92 1.38986e-011 0.381063
21.94 1.39445e-011 0.385009
21.96 1.3989e-011 0.388201
21.98 1.4032e-011 0.389809
22 1.40735e-011 0.389431
22.02 1.41139e-011 0.38716
22.04 1.41534e-011 0.383569
22.06 1.41927e-011 0.379606
22.08 1.42323e-011 0.376376
22.1 1.42722e-011 0.374826
22.12 1.43118e-011 0.375426
22.14 1.435e-011 0.377993
22.16 1.43858e-011 0.381763
22.18 1.44189e-011 0.385659
22.2 1.44492e-011 0.388628
22.22 1.4477e-011 0.389906
22.24 1.4503e-011 0.389175
22.26 1.4528e-011 0.386614
22.28 1.45528e-011 0.382876
22.3 1.45787e-011 0.378956
22.32 1.46065e-011 0.375955
22.34 1.46367e-011 0.374761
22.36 1.46692e-011 0.375738
22.38 1.47034e-011 0.378587
22.4 1.47387e-011 0.382465
22.42 1.47749e-011 0.386274
22.44 1.48117e-011 0.388995
22.46 1.48495e-011 0.389933
22.48 1.48885e-011 0.388853
22.5 1.49291e-011 0.386024
22.52 1.49717e-011 0.38217
22.54 1.50167e-011 0.378327
22.56 1.50644e-011 0.375587
22.58 1.51144e-011 0.374764
22.6 1.51658e-011 0.376112
22.62 1.52171e-011 0.37922
22.64 1.52671e-011 0.383174
22.66 1.5315e-011 0.386866
22.68 1.53602e-011 0.389317
22.7 1.54027e-011 0.389904
22.72 1.54425e-011 0.388481
22.74 1.54801e-011 0.385402
22.76 1.55162e-011 0.381462
22.78 1.55515e-011 0.377729
22.8 1.55868e-011 0.375274
22.82 1.56225e-011 0.374831
22.84 1.56582e-011 0.376537
22.86 1.56932e-011 0.379875
22.88 1.57268e-011 0.383869
22.9 1.57585e-011 0.387413
22.92 1.57884e-011 0.389573
22.94 1.58167e-011 0.389806
22.96 1.58441e-011 0.388053
22.98 1.58712e-011 0.384753
23 1.58991e-011 0.380764
23.02 1.59289e-011 0.377179
23.04 1.59615e-011 0.375035
23.06 1.59973e-011 0.374978
23.08 1.60362e-011 0.377024
23.1 1.60775e-011 0.380557
23.12 1.61202e-011 0.384553
23.14 1.61636e-011 0.387914
23.16 1.62071e-011 0.389764
23.18 1.62503e-011 0.389639
23.2 1.62931e-011 0.387568
23.22 1.63354e-011 0.384075
23.24 1.63777e-011 0.380073
23.26 1.64202e-011 0.376671
23.28 1.64636e-011 0.37486
23.3 1.65077e-011 0.375189
23.32 1.65521e-011 0.377556
23.34 1.65958e-011 0.381252
23.36 1.6638e-011 0.385216
23.38 1.66778e-011 0.388368
23.4 1.67148e-011 0.389895
23.42 1.67492e-011 0.389415
23.44 1.67809e-011 0.387047
23.46 1.68105e-011 0.383389
23.48 1.68387e-011 0.37941
23.5 1.68666e-011 0.376219
23.52 1.68951e-011 0.374756
23.54 1.69249e-011 0.375464
23.56 1.69561e-011 0.378127
23.58 1.69884e-011 0.381951
23.6 1.70213e-011 0.385848
23.62 1.70546e-011 0.388767
23.64 1.70881e-011 0.389958
23.66 1.71219e-011 0.389126
23.68 1.71564e-011 0.386477
23.7 1.71919e-011 0.382686
23.72 1.7229e-011 0.378765
23.74 1.72685e-011 0.375818
23.76 1.7311e-011 0.37472
23.78 1.73564e-011 0.375804
23.8 1.74043e-011 0.378741
23.82 1.74535e-011 0.382661
23.84 1.7503e-011 0.386458
23.86 1.75517e-011 0.389119
23.88 1.75988e-011 0.389964
23.9 1.76438e-011 0.388785
23.92 1.76864e-011 0.385874
23.94 1.77267e-011 0.381979
23.96 1.77652e-011 0.378148
23.98 1.78025e-011 0.375472
24 1.78395e-011 0.374749
24.02 1.78766e-011 0.376198
24.04 1.79136e-011 0.379381
24.06 1.79498e-011 0.383361
24.08 1.79844e-011 0.387026
24.1 1.80169e-011 0.389406
24.12 1.80467e-011 0.3899
24.14 1.8074e-011 0.388385
24.16 1.80989e-011 0.385239
24.18 1.8122e-011 0.381278
24.2 1.8144e-011 0.377577
24.22 1.81664e-011 0.3752
24.24 1.81903e-011 0.374859
24.26 1.82167e-011 0.376659
24.28 1.82461e-011 0.380053
24.3 1.82781e-011 0.384052
24.32 1.83121e-011 0.38755
24.34 1.83476e-011 0.389628
24.36 1.8384e-011 0.389765
24.38 1.8421e-011 0.387925
24.4 1.84581e-011 0.384572
24.42 1.84955e-011 0.380579
24.44 1.85333e-011 0.377043
24.46 1.8572e-011 0.374988
24.48 1.86122e-011 0.375033
24.5 1.86542e-011 0.377166
24.52 1.86976e-011 0.380742
24.54 1.87415e-011 0.384729
24.56 1.87849e-011 0.388033
24.58 1.88269e-011 0.389795
24.6 1.88668e-011 0.389575
24.62 1.89041e-011 0.387427
24.64 1.89386e-011 0.383893
24.66 1.89702e-011 0.379902
24.68 1.89995e-011 0.37656
24.7 1.90276e-011 0.374843
24.72 1.90553e-011 0.375272
24.74 1.90836e-011 0.377714
24.76 1.91125e-011 0.381438
24.78 1.91419e-011 0.385377
24.8 1.91712e-011 0.388461
24.82 1.91999e-011 0.389894
24.84 1.92278e-011 0.38932
24.86 1.9255e-011 0.38688
24.88 1.92815e-011 0.383195
24.9 1.93077e-011 0.379242
24.92 1.93344e-011 0.376128
24.94 1.93627e-011 0.374769
24.96 1.93936e-011 0.375578
24.98 1.94278e-011 0.378309
25 1.94653e-011 0.382149
25.02 1.95053e-011 0.386005
25.04 1.9547e-011 0.388843
25.06 1.95892e-011 0.389934
25.08 1.96311e-011 0.389007
25.1 1.96719e-011 0.386294
25.12 1.9711e-011 0.382487
25.14 1.97482e-011 0.378607
25.16 1.97839e-011 0.375749
25.18 1.98187e-011 0.374761
25.2 1.98536e-011 0.375943
25.22 1.98892e-011 0.378935
25.24 1.99252e-011 0.382853
25.26 1.99611e-011 0.386595
25.28 1.99958e-011 0.389162
25.3 2.00287e-011 0.389903
25.32 2.00589e-011 0.388634
25.34 2.00861e-011 0.385673
25.36 2.011e-011 0.381782
25.38 2.01308e-011 0.378012
25.4 2.01491e-011 0.375441
25.42 2.01663e-011 0.374833
25.44 2.01839e-011 0.376374
25.46 2.02033e-011 0.379596
25.48 2.02249e-011 0.383554
25.5 2.02488e-011 0.387144
25.52 2.02746e-011 0.389419
25.54 2.03017e-011 0.389803
25.56 2.03299e-011 0.388202
25.58 2.03588e-011 0.385017
25.6 2.03879e-011 0.381075
25.62 2.04173e-011 0.377452
25.64 2.04472e-011 0.37519
25.66 2.04785e-011 0.374968
25.68 2.05121e-011 0.376854
25.7 2.05485e-011 0.380277
25.72 2.05876e-011 0.384242
25.74 2.06285e-011 0.387655
25.76 2.06703e-011 0.389622
25.78 2.07118e-011 0.389649
25.8 2.07523e-011 0.38773
25.82 2.07907e-011 0.384347
25.84 2.08265e-011 0.380386
25.86 2.08594e-011 0.376939
25.88 2.08897e-011 0.375005
25.9 2.09185e-011 0.375168
25.92 2.09468e-011 0.377377
25.94 2.09756e-011 0.380969
25.96 2.10047e-011 0.384906
25.98 2.10339e-011 0.388113
26 2.10624e-011 0.389757
26.02 2.10897e-011 0.389427
26.04 2.11152e-011 0.387205
26.06 2.11386e-011 0.383655
26.08 2.11598e-011 0.379713
26.1 2.11789e-011 0.376476
26.12 2.11968e-011 0.374892
26.14 2.12151e-011 0.375441
26.16 2.12354e-011 0.377954
26.18 2.12588e-011 0.381679
26.2 2.12856e-011 0.385553
26.22 2.13156e-011 0.388526
26.24 2.13481e-011 0.389831
26.26 2.13821e-011 0.389144
26.28 2.14169e-011 0.386636
26.3 2.14515e-011 0.382946
26.32 2.14851e-011 0.379057
26.34 2.15174e-011 0.376063
26.36 2.15488e-011 0.374845
26.38 2.15801e-011 0.375774
26.4 2.16124e-011 0.378565
26.42 2.16464e-011 0.38239
26.44 2.1682e-011 0.386166
26.46 2.17186e-011 0.38888
26.48 2.17551e-011 0.389838
26.5 2.17907e-011 0.388801
26.52 2.18243e-011 0.386031
26.54 2.18551e-011 0.382237
26.56 2.18823e-011 0.37844
26.58 2.19057e-011 0.375718
26.6 2.19258e-011 0.374877
26.62 2.1944e-011 0.376173
26.64 2.19619e-011 0.379212
26.66 2.19808e-011 0.383098
26.68 2.20012e-011 0.386741
26.7 2.20232e-011 0.389173
26.72 2.20463e-011 0.389775
26.74 2.20703e-011 0.388399
26.76 2.20948e-011 0.385389
26.78 2.21193e-011 0.381524
26.8 2.21434e-011 0.377853
26.82 2.2167e-011 0.375428
26.84 2.21907e-011 0.374972
26.86 2.22158e-011 0.376624
26.88 2.22436e-011 0.379883
26.9 2.22749e-011 0.383798
26.92 2.23097e-011 0.38728
26.94 2.23475e-011 0.389414
26.96 2.23873e-011 0.389658
26.98 2.24283e-011 0.387954
27 2.24692e-011 0.38473
27.02 2.25091e-011 0.380825
27.04 2.25469e-011 0.377311
27.06 2.25821e-011 0.375202
27.08 2.26152e-011 0.375132
27.1 2.26472e-011 0.377121
27.12 2.26794e-011 0.380569
27.14 2.27124e-011 0.384477
27.16 2.27461e-011 0.387769
27.18 2.278e-011 0.389586
27.2 2.28132e-011 0.389471
27.22 2.28452e-011 0.387453
27.24 2.28749e-011 0.384043
27.26 2.29015e-011 0.380137
27.28 2.29245e-011 0.376817
27.3 2.29438e-011 0.375049
27.32 2.29604e-011 0.375369
27.34 2.2976e-011 0.377676
27.36 2.29927e-011 0.38128
27.38 2.30116e-011 0.385143
27.4 2.30335e-011 0.388215
27.42 2.30582e-011 0.389698
27.44 2.30855e-011 0.389221
27.46 2.31148e-011 0.386903
27.48 2.31453e-011 0.383335
27.5 2.31759e-011 0.379462
27.52 2.3206e-011 0.376368
27.54 2.32351e-011 0.37496
27.56 2.32638e-011 0.375666
27.58 2.32932e-011 0.378268
27.6 2.33247e-011 0.381993
27.62 2.33588e-011 0.385779
27.64 2.33957e-011 0.388606
27.66 2.34347e-011 0.389745
27.68 2.34751e-011 0.388913
27.7 2.35158e-011 0.386319
27.72 2.35557e-011 0.382626
27.74 2.35934e-011 0.378824
27.76 2.36279e-011 0.375984
27.78 2.36587e-011 0.374948
27.8 2.36862e-011 0.376028
27.82 2.37119e-011 0.378897
27.84 2.37373e-011 0.382705
27.86 2.37631e-011 0.386378
27.88 2.37898e-011 0.388935
27.9 2.38172e-011 0.389722
27.92 2.38452e-011 0.388544
27.94 2.38733e-011 0.385695
27.96 2.39008e-011 0.381911
27.98 2.39271e-011 0.378213
28 2.39516e-011 0.375656
28.02 2.39744e-011 0.375001
28.04 2.39963e-011 0.376447
28.06 2.40191e-011 0.379555
28.08 2.40443e-011 0.383414
28.1 2.40728e-011 0.386945
28.12 2.4105e-011 0.389214
28.14 2.41406e-011 0.389644
28.16 2.4179e-011 0.388128
28.18 2.42194e-011 0.385047
28.2 2.42607e-011 0.381202
28.22 2.43016e-011 0.377641
28.24 2.43409e-011 0.375389
28.26 2.43783e-011 0.375121
28.28 2.44144e-011 0.376916
28.3 2.44503e-011 0.380234
28.32 2.44872e-011 0.384107
28.34 2.45256e-011 0.387465
28.36 2.45655e-011 0.389426
28.38 2.46062e-011 0.389495
28.4 2.46472e-011 0.387654
28.42 2.46873e-011 0.38437
28.44 2.47255e-011 0.380501
28.46 2.47602e-011 0.377115
28.48 2.47904e-011 0.375194
28.5 2.4816e-011 0.375317
28.52 2.4838e-011 0.377446
28.54 2.4858e-011 0.38094
28.56 2.48779e-011 0.384792
28.58 2.4899e-011 0.387945
28.6 2.49219e-011 0.389578
28.62 2.49469e-011 0.389282
28.64 2.49738e-011 0.387129
28.66 2.50025e-011 0.383667
28.68 2.5032e-011 0.37981
28.7 2.50615e-011 0.376631
28.72 2.509e-011 0.375061
28.74 2.51174e-011 0.375575
28.76 2.51445e-011 0.378014
28.78 2.51728e-011 0.381652
28.8 2.52036e-011 0.385448
28.82 2.52376e-011 0.388371
28.84 2.5275e-011 0.389668
28.86 2.53155e-011 0.389013
28.88 2.53586e-011 0.38657
28.9 2.54034e-011 0.382963
28.92 2.54486e-011 0.379153
28.94 2.54926e-011 0.376211
28.96 2.55342e-011 0.375003
28.98 2.55728e-011 0.375898
29 2.56092e-011 0.37862
29.02 2.56444e-011 0.382364
29.04 2.56795e-011 0.386068
29.06 2.57152e-011 0.388737
29.08 2.57514e-011 0.389687
29.1 2.57881e-011 0.388679
29.12 2.5825e-011 0.385967
29.14 2.58613e-011 0.382247
29.16 2.58963e-011 0.37852
29.18 2.59288e-011 0.375844
29.2 2.5958e-011 0.375014
29.22 2.59841e-011 0.376282
29.24 2.60082e-011 0.379263
29.26 2.60321e-011 0.38308
29.28 2.60574e-011 0.386662
29.3 2.60852e-011 0.389055
29.32 2.61159e-011 0.389649
29.34 2.61497e-011 0.388296
29.36 2.61863e-011 0.385334
29.38 2.62253e-011 0.381532
29.4 2.62655e-011 0.37792
29.42 2.63055e-011 0.375535
29.44 2.63443e-011 0.37509
29.46 2.63819e-011 0.376719
29.48 2.64188e-011 0.37993
29.5 2.64565e-011 0.383785
29.52 2.6496e-011 0.387213
29.54 2.65376e-011 0.389309
29.56 2.65816e-011 0.389542
29.58 2.66276e-011 0.387854
29.6 2.6675e-011 0.384671
29.62 2.67226e-011 0.380822
29.64 2.67692e-011 0.377364
29.66 2.68128e-011 0.375297
29.68 2.68522e-011 0.375243
29.7 2.68872e-011 0.377217
29.72 2.69185e-011 0.380626
29.74 2.69477e-011 0.384481
29.76 2.6976e-011 0.387722
29.78 2.70045e-011 0.389501
29.8 2.70338e-011 0.38937
29.82 2.70641e-011 0.38736
29.84 2.70957e-011 0.38398
29.86 2.71282e-011 0.38012
29.88 2.71608e-011 0.376849
29.9 2.71925e-011 0.375121
29.92 2.72225e-011 0.375458
29.94 2.72508e-011 0.377758
29.96 2.72787e-011 0.381331
29.98 2.73074e-011 0.385153
30 2.73383e-011 0.388182
30.02 2.73722e-011 0.389632
30.04 2.74095e-011 0.38914
30.06 2.74503e-011 0.386828
30.08 2.74944e-011 0.383284
30.1 2.75411e-011 0.379449
30.12 2.7589e-011 0.376395
30.14 2.76366e-011 0.37502
30.16 2.76827e-011 0.375741
30.18 2.77271e-011 0.378338
30.2 2.77705e-011 0.38204
30.22 2.78138e-011 0.385792
30.24 2.78576e-011 0.388583
30.26 2.79023e-011 0.389693
30.28 2.7948e-011 0.388844
30.3 2.79945e-011 0.386249
30.32 2.80413e-011 0.382571
30.34 2.80876e-011 0.378796
30.36 2.8132e-011 0.375991
30.38 2.81732e-011 0.374986
30.4 2.82102e-011 0.376088
30.42 2.82431e-011 0.378962
30.44 2.82731e-011 0.38276
30.46 2.83018e-011 0.386411
30.48 2.83305e-011 0.388939
30.5 2.83601e-011 0.389697
30.52 2.83915e-011 0.388496
30.54 2.84252e-011 0.385636
30.56 2.84611e-011 0.381854
30.58 2.84989e-011 0.378172
30.6 2.85377e-011 0.375642
30.62 2.8576e-011 0.375017
30.64 2.86132e-011 0.376488
30.66 2.86494e-011 0.379611
30.68 2.86853e-011 0.38347
30.7 2.87223e-011 0.386988
30.72 2.87612e-011 0.389233
30.74 2.88027e-011 0.389634
30.76 2.88471e-011 0.388091
30.78 2.88945e-011 0.384992
30.8 2.89445e-011 0.381141
30.82 2.89962e-011 0.37759
30.84 2.90479e-011 0.375363
30.86 2.90979e-011 0.375126
30.88 2.9145e-011 0.376952
30.9 2.91888e-011 0.380292
30.92 2.923e-011 0.384173
30.94 2.92693e-011 0.387524
30.96 2.93077e-011 0.389463
30.98 2.93456e-011 0.389502
31 2.93838e-011 0.387629
31.02 2.94224e-011 0.384317
31.04 2.94617e-011 0.380434
31.06 2.95012e-011 0.377049
31.08 2.954e-011 0.375146
31.1 2.95769e-011 0.375299
31.12 2.96113e-011 0.377462
31.14 2.96435e-011 0.380986
31.16 2.96745e-011 0.384856
31.18 2.97054e-011 0.388013
31.2 2.97375e-011 0.389634
31.22 2.97716e-011 0.389312
31.24 2.98084e-011 0.387128
31.26 2.98484e-011 0.383633
31.28 2.98917e-011 0.379751
31.3 2.99376e-011 0.376562
31.32 2.99851e-011 0.375001
31.34 3.00328e-011 0.375539
31.36 3.00801e-011 0.378015
31.38 3.01268e-011 0.381689
31.4 3.01736e-011 0.385512
31.42 3.0221e-011 0.388446
31.44 3.02697e-011 0.389736
31.46 3.03199e-011 0.389056
31.48 3.03718e-011 0.386576
31.5 3.04253e-011 0.382928
31.52 3.04799e-011 0.379083
31.54 3.05346e-011 0.376124
31.56 3.05878e-011 0.374923
31.58 3.0638e-011 0.375847
31.6 3.0684e-011 0.378615
31.62 3.07261e-011 0.382407
31.64 3.07649e-011 0.386149
31.66 3.08015e-011 0.388838
31.68 3.08368e-011 0.389782
31.7 3.08717e-011 0.388746
31.72 3.09071e-011 0.385987
31.74 3.09436e-011 0.382213
31.76 3.09815e-011 0.37844
31.78 3.10205e-011 0.375737
31.8 3.10597e-011 0.37491
31.82 3.1098e-011 0.376209
31.84 3.11349e-011 0.379243
31.86 3.11706e-011 0.383118
31.88 3.12059e-011 0.386747
31.9 3.12418e-011 0.389166
31.92 3.12792e-011 0.389759
31.94 3.13188e-011 0.388377
31.96 3.13615e-011 0.385366
31.98 3.14075e-011 0.381503
32 3.14569e-011 0.377839
32.02 3.15089e-011 0.375422
32.04 3.15621e-011 0.374976
32.06 3.16152e-011 0.376638
32.08 3.16671e-011 0.379905
32.1 3.17175e-011 0.383823
32.12 3.17666e-011 0.387304
32.14 3.18148e-011 0.389431
32.16 3.18624e-011 0.389666
32.18 3.19098e-011 0.387948
32.2 3.19575e-011 0.384709
32.22 3.20057e-011 0.380793
32.24 3.20543e-011 0.377273
32.26 3.21028e-011 0.375167
32.28 3.21501e-011 0.375109
32.3 3.2195e-011 0.377117
32.32 3.22371e-011 0.380587
32.34 3.22763e-011 0.384515
32.36 3.23136e-011 0.38782
32.38 3.23496e-011 0.38964
32.4 3.23854e-011 0.389516
32.42 3.24219e-011 0.387477
32.44 3.24598e-011 0.384039
32.46 3.24999e-011 0.380102
32.48 3.25426e-011 0.376757
32.5 3.25874e-011 0.37498
32.52 3.26335e-011 0.375307
32.54 3.26801e-011 0.37764
32.56 3.27266e-011 0.38128
32.58 3.2773e-011 0.385183
32.6 3.282e-011 0.388284
32.62 3.28679e-011 0.389782
32.64 3.29173e-011 0.389299
32.66 3.29686e-011 0.386955
32.68 3.30223e-011 0.383344
32.7 3.30785e-011 0.379423
32.72 3.31368e-011 0.376288
32.74 3.31962e-011 0.37486
32.76 3.32553e-011 0.375574
32.78 3.33124e-011 0.378213
32.8 3.33666e-011 0.381992
32.82 3.34176e-011 0.385835
32.84 3.34656e-011 0.388706
32.86 3.35111e-011 0.389866
32.88 3.35546e-011 0.389025
32.9 3.35968e-011 0.386392
32.92 3.36385e-011 0.382638
32.94 3.36804e-011 0.378766
32.96 3.3723e-011 0.375869
32.98 3.37658e-011 0.374805
33 3.38082e-011 0.375899
33.02 3.38493e-011 0.378818
33.04 3.38886e-011 0.3827
33.06 3.39262e-011 0.386449
33.08 3.39628e-011 0.389066
33.1 3.39989e-011 0.389881
33.12 3.40355e-011 0.388691
33.14 3.40734e-011 0.385794
33.16 3.41136e-011 0.381932
33.18 3.41567e-011 0.378149
33.2 3.42033e-011 0.375521
33.22 3.42528e-011 0.374832
33.24 3.43046e-011 0.376293
33.26 3.43575e-011 0.379461
33.28 3.44109e-011 0.383405
33.3 3.44643e-011 0.387025
33.32 3.45178e-011 0.389362
33.34 3.45714e-011 0.389824
33.36 3.46251e-011 0.388295
33.38 3.46793e-011 0.385157
33.4 3.47341e-011 0.381222
33.42 3.479e-011 0.377562
33.44 3.48467e-011 0.375229
33.46 3.49035e-011 0.374924
33.48 3.49594e-011 0.37674
33.5 3.50132e-011 0.380128
33.52 3.50643e-011 0.384103
33.54 3.51125e-011 0.387565
33.56 3.5158e-011 0.389607
33.58 3.52012e-011 0.389713
33.6 3.52429e-011 0.387856
33.62 3.52837e-011 0.384502
33.64 3.53246e-011 0.380525
33.66 3.53664e-011 0.37702
33.68 3.54096e-011 0.375002
33.7 3.54542e-011 0.37508
33.72 3.54995e-011 0.377232
33.74 3.55449e-011 0.380809
33.76 3.55901e-011 0.38478
33.78 3.5635e-011 0.388056
33.8 3.568e-011 0.389785
33.82 3.57256e-011 0.389534
33.84 3.57722e-011 0.387363
33.86 3.58207e-011 0.383821
33.88 3.58716e-011 0.37984
33.9 3.59255e-011 0.376524
33.92 3.59823e-011 0.374844
33.94 3.60414e-011 0.375309
33.96 3.61016e-011 0.377778
33.98 3.61617e-011 0.381513
34 3.62207e-011 0.385443
34.02 3.62778e-011 0.388503
34.04 3.63329e-011 0.389903
34.06 3.63859e-011 0.389294
34.08 3.64369e-011 0.386825
34.1 3.64864e-011 0.383123
34.12 3.65352e-011 0.379171
34.14 3.65838e-011 0.376076
34.16 3.66326e-011 0.374751
34.18 3.66814e-011 0.375599
34.2 3.67296e-011 0.378361
34.22 3.67764e-011 0.382217
34.24 3.68212e-011 0.386072
34.26 3.68639e-011 0.388892
34.28 3.69046e-011 0.389953
34.3 3.69437e-011 0.388993
34.32 3.6982e-011 0.386248
34.34 3.70202e-011 0.382422
34.36 3.70594e-011 0.378538
34.38 3.71006e-011 0.375696
34.4 3.71445e-011 0.374739
34.42 3.71913e-011 0.375959
34.44 3.72405e-011 0.378985
34.46 3.72917e-011 0.382923
34.48 3.73442e-011 0.386667
34.5 3.73976e-011 0.38922
34.52 3.74518e-011 0.389933
34.54 3.75067e-011 0.388628
34.56 3.75623e-011 0.385631
34.58 3.7619e-011 0.381713
34.6 3.76769e-011 0.377932
34.62 3.77365e-011 0.375369
34.64 3.77978e-011 0.37479
34.66 3.786e-011 0.376372
34.68 3.79222e-011 0.379636
34.7 3.79833e-011 0.383625
34.72 3.80423e-011 0.387229
34.74 3.80986e-011 0.389498
34.76 3.8152e-011 0.389859
34.78 3.82025e-011 0.38822
34.8 3.82505e-011 0.384993
34.82 3.82964e-011 0.381013
34.84 3.8341e-011 0.377366
34.86 3.83855e-011 0.375104
34.88 3.84304e-011 0.374907
34.9 3.84758e-011 0.376834
34.92 3.85214e-011 0.380304
34.94 3.85665e-011 0.384308
34.96 3.86107e-011 0.387743
34.98 3.86539e-011 0.389709
35 3.86961e-011 0.389714
35.02 3.87378e-011 0.387756
35.04 3.87794e-011 0.384327
35.06 3.88219e-011 0.380322
35.08 3.88661e-011 0.376847
35.1 3.89131e-011 0.374911
35.12 3.89634e-011 0.375099
35.14 3.90169e-011 0.377355
35.16 3.90731e-011 0.380999
35.18 3.91308e-011 0.384981
35.2 3.9189e-011 0.388214
35.22 3.9247e-011 0.38986
35.24 3.93042e-011 0.389506
35.26 3.936e-011 0.387241
35.28 3.94145e-011 0.383636
35.3 3.94679e-011 0.379643
35.32 3.95206e-011 0.376372
35.34 3.95734e-011 0.374782
35.36 3.96267e-011 0.375355
35.38 3.96804e-011 0.377917
35.4 3.97339e-011 0.3817
35.42 3.97863e-011 0.385626
35.44 3.98369e-011 0.388631
35.46 3.9885e-011 0.389944
35.48 3.99305e-011 0.389237
35.5 3.99733e-011 0.386686
35.52 4.00139e-011 0.38294
35.54 4.00529e-011 0.378995
35.56 4.00913e-011 0.37596
35.58 4.01304e-011 0.37473
35.6 4.01712e-011 0.375679
35.62 4.02142e-011 0.378519
35.64 4.02594e-011 0.382405
35.66 4.03063e-011 0.386237
35.68 4.03545e-011 0.38899
35.7 4.04037e-011 0.389959
35.72 4.04536e-011 0.388905
35.74 4.05041e-011 0.386089
35.76 4.05553e-011 0.382233
35.78 4.06077e-011 0.378371
35.8 4.06616e-011 0.3756
35.82 4.07177e-011 0.374742
35.84 4.07764e-011 0.376061
35.86 4.08373e-011 0.379154
35.88 4.08995e-011 0.38311
35.9 4.09619e-011 0.38682
35.92 4.10234e-011 0.3893
35.94 4.1083e-011 0.38992
35.96 4.114e-011 0.388527
35.98 4.11941e-011 0.385467
36 4.12452e-011 0.381531
36.02 4.12936e-011 0.377784
36.04 4.13401e-011 0.3753
36.06 4.13857e-011 0.37482
36.08 4.14314e-011 0.376493
36.1 4.14772e-011 0.379809
36.12 4.15229e-011 0.3838
36.14 4.15676e-011 0.387357
36.16 4.16108e-011 0.389544
36.18 4.1652e-011 0.389809
36.2 4.16911e-011 0.388089
36.22 4.17282e-011 0.384813
36.24 4.17638e-011 0.380834
36.26 4.17985e-011 0.37724
36.28 4.18338e-011 0.375071
36.3 4.1871e-011 0.374978
36.32 4.19113e-011 0.376989
36.34 4.19553e-011 0.380497
36.36 4.20026e-011 0.384484
36.38 4.20526e-011 0.387853
36.4 4.21043e-011 0.389726
36.42 4.2157e-011 0.389632
36.44 4.22099e-011 0.387596
36.46 4.22623e-011 0.38413
36.48 4.23141e-011 0.380143
36.5 4.23653e-011 0.376737
36.52 4.24165e-011 0.374904
36.54 4.24685e-011 0.375198
36.56 4.25219e-011 0.377527
36.58 4.25766e-011 0.381195
36.6 4.2632e-011 0.385144
36.62 4.26869e-011 0.3883
36.64 4.27405e-011 0.389847
36.66 4.27919e-011 0.389397
36.68 4.28404e-011 0.387065
36.7 4.28855e-011 0.38344
36.72 4.29272e-011 0.379482
36.74 4.29659e-011 0.376294
36.76 4.30028e-011 0.374812
36.78 4.30392e-011 0.375485
36.8 4.30764e-011 0.378107
36.82 4.31151e-011 0.381896
36.84 4.3155e-011 0.385772
36.86 4.3196e-011 0.388689
36.88 4.32374e-011 0.389898
36.9 4.32789e-011 0.389098
36.92 4.33203e-011 0.386489
36.94 4.33615e-011 0.382736
36.96 4.34026e-011 0.378841
36.98 4.3444e-011 0.375902
37 4.34867e-011 0.374786
37.02 4.3532e-011 0.375834
37.04 4.35806e-011 0.378725
37.06 4.36326e-011 0.382604
37.08 4.36873e-011 0.386375
37.1 4.37435e-011 0.38903
37.12 4.38001e-011 0.389892
37.14 4.3856e-011 0.388748
37.16 4.39102e-011 0.385882
37.18 4.39619e-011 0.382031
37.2 4.40107e-011 0.378233
37.22 4.40568e-011 0.375567
37.24 4.41011e-011 0.374827
37.26 4.41447e-011 0.376237
37.28 4.41887e-011 0.37937
37.3 4.42332e-011 0.383302
37.32 4.42776e-011 0.386936
37.34 4.43212e-011 0.389307
37.36 4.43629e-011 0.389816
37.38 4.44023e-011 0.388336
37.4 4.44386e-011 0.385239
37.42 4.44716e-011 0.381327
37.44 4.45013e-011 0.377664
37.46 4.45286e-011 0.375302
37.48 4.45548e-011 0.374947
37.5 4.4582e-011 0.376707
37.52 4.46117e-011 0.380049
37.54 4.46448e-011 0.383998
37.56 4.46813e-011 0.387459
37.58 4.47206e-011 0.389524
37.6 4.47623e-011 0.389672
37.62 4.48054e-011 0.387868
37.64 4.48493e-011 0.384565
37.66 4.48933e-011 0.380626
37.68 4.4937e-011 0.377133
37.7 4.49806e-011 0.375096
37.72 4.50249e-011 0.375129
37.74 4.5071e-011 0.377221
37.76 4.51197e-011 0.380741
37.78 4.5171e-011 0.384672
37.8 4.52241e-011 0.387935
37.82 4.5278e-011 0.389681
37.84 4.53315e-011 0.389472
37.86 4.53834e-011 0.387362
37.88 4.54328e-011 0.383883
37.9 4.54787e-011 0.379952
37.92 4.55207e-011 0.376659
37.94 4.5559e-011 0.374964
37.96 4.55949e-011 0.375379
37.98 4.56298e-011 0.377777
38 4.5665e-011 0.38144
38.02 4.57009e-011 0.385316
38.04 4.57373e-011 0.388354
38.06 4.57738e-011 0.389768
38.08 4.58098e-011 0.389205
38.1 4.58448e-011 0.386806
38.12 4.58785e-011 0.383182
38.14 4.59104e-011 0.379295
38.16 4.59408e-011 0.376235
38.18 4.59702e-011 0.3749
38.2 4.60003e-011 0.375695
38.22 4.60328e-011 0.378378
38.24 4.60689e-011 0.382151
38.26 4.61091e-011 0.385941
38.28 4.61528e-011 0.388729
38.3 4.61993e-011 0.389799
38.32 4.62475e-011 0.388884
38.34 4.62962e-011 0.386215
38.36 4.63444e-011 0.382473
38.38 4.63908e-011 0.378664
38.4 4.64351e-011 0.375863
38.42 4.64773e-011 0.3749
38.44 4.65185e-011 0.376068
38.46 4.65602e-011 0.37901
38.48 4.66032e-011 0.382857
38.5 4.66475e-011 0.386527
38.52 4.66926e-011 0.389042
38.54 4.67374e-011 0.389759
38.56 4.6781e-011 0.388502
38.58 4.68224e-011 0.385586
38.6 4.68604e-011 0.381764
38.62 4.68944e-011 0.37807
38.64 4.69238e-011 0.37556
38.66 4.69496e-011 0.37498
38.68 4.69734e-011 0.376507
38.7 4.69972e-011 0.379678
38.72 4.70228e-011 0.383562
38.74 4.70509e-011 0.387077
38.76 4.70818e-011 0.389295
38.78 4.7115e-011 0.389653
38.8 4.71503e-011 0.388063
38.82 4.7187e-011 0.384925
38.84 4.72242e-011 0.381055
38.86 4.72612e-011 0.377512
38.88 4.72977e-011 0.375315
38.9 4.73341e-011 0.375123
38.92 4.73719e-011 0.376994
38.94 4.74123e-011 0.380362
38.96 4.74563e-011 0.384249
38.98 4.75038e-011 0.387582
39 4.75544e-011 0.389489
39.02 4.7607e-011 0.389488
39.04 4.76605e-011 0.387582
39.06 4.77135e-011 0.384251
39.08 4.77647e-011 0.380369
39.1 4.78126e-011 0.377008
39.12 4.78567e-011 0.375143
39.14 4.78974e-011 0.375335
39.16 4.79358e-011 0.377525
39.18 4.79736e-011 0.381056
39.2 4.80116e-011 0.38491
39.22 4.80501e-011 0.388033
39.24 4.80887e-011 0.389614
39.26 4.81268e-011 0.389256
39.28 4.81638e-011 0.387049
39.3 4.81988e-011 0.383554
39.32 4.82311e-011 0.379696
39.34 4.826e-011 0.37655
39.36 4.82856e-011 0.375038
39.38 4.83087e-011 0.375616
39.4 4.83316e-011 0.378108
39.42 4.83562e-011 0.38177
39.44 4.83841e-011 0.385557
39.46 4.84158e-011 0.388442
39.48 4.84513e-011 0.389683
39.5 4.84902e-011 0.388967
39.52 4.85315e-011 0.386475
39.54 4.85744e-011 0.382844
39.56 4.86174e-011 0.379042
39.58 4.86595e-011 0.376141
39.6 4.87e-011 0.374996
39.62 4.87394e-011 0.375954
39.64 4.87792e-011 0.378722
39.66 4.88206e-011 0.382482
39.68 4.88644e-011 0.386168
39.7 4.89108e-011 0.388793
39.72 4.8959e-011 0.389684
39.74 4.90083e-011 0.388619
39.76 4.90574e-011 0.385865
39.78 4.91051e-011 0.382132
39.8 4.91498e-011 0.378425
39.82 4.91901e-011 0.375799
39.84 4.92257e-011 0.375033
39.86 4.92571e-011 0.376359
39.88 4.92862e-011 0.379375
39.9 4.93147e-011 0.383192
39.92 4.93441e-011 0.386742
39.94 4.93749e-011 0.389082
39.96 4.94073e-011 0.389615
39.98 4.94414e-011 0.38821
40 4.94766e-011 0.385219
40.02 4.95123e-011 0.381418
40.04 4.95477e-011 0.377842
40.06 4.95817e-011 0.375516
40.08 4.96144e-011 0.375135
40.1 4.96467e-011 0.376815
40.12 4.96801e-011 0.380048
40.14 4.97165e-011 0.38389
40.16 4.97566e-011 0.387277
40.18 4.98008e-011 0.389315
40.2 4.98488e-011 0.38949
40.22 4.98997e-011 0.387758
40.24 4.99527e-011 0.384556
40.26 5.00063e-011 0.380721
40.28 5.00588e-011 0.377307
40.3 5.01089e-011 0.375301
40.32 5.01559e-011 0.375306
40.34 5.02004e-011 0.37732
40.36 5.02438e-011 0.380737
40.38 5.02873e-011 0.384567
40.4 5.03315e-011 0.38776
40.42 5.03765e-011 0.38948
40.44 5.04218e-011 0.389295
40.46 5.04668e-011 0.387251
40.48 5.05107e-011 0.383866
40.5 5.05523e-011 0.380033
40.52 5.05902e-011 0.376816
40.54 5.06234e-011 0.375153
40.56 5.0652e-011 0.375547
40.58 5.06771e-011 0.377878
40.6 5.0701e-011 0.381448
40.62 5.07255e-011 0.385234
40.64 5.07523e-011 0.388205
40.66 5.0782e-011 0.389591
40.68 5.0815e-011 0.389044
40.7 5.08511e-011 0.386701
40.72 5.08898e-011 0.383159
40.74 5.093e-011 0.379361
40.76 5.09706e-011 0.376371
40.78 5.10104e-011 0.375068
40.8 5.10491e-011 0.375847
40.82 5.10876e-011 0.378472
40.84 5.11273e-011 0.382161
40.86 5.11696e-011 0.385867
40.88 5.12152e-011 0.388591
40.9 5.12642e-011 0.389633
40.92 5.13163e-011 0.388732
40.94 5.13707e-011 0.386113
40.96 5.14263e-011 0.38245
40.98 5.14814e-011 0.378725
41 5.15343e-011 0.375993
41.02 5.15833e-011 0.375063
41.04 5.1628e-011 0.376217
41.06 5.16691e-011 0.379104
41.08 5.17081e-011 0.382873
41.1 5.17463e-011 0.386463
41.12 5.17847e-011 0.388916
41.14 5.18236e-011 0.389604
41.16 5.18633e-011 0.388356
41.18 5.19036e-011 0.385485
41.2 5.19442e-011 0.381734
41.22 5.1984e-011 0.378118
41.24 5.20219e-011 0.375671
41.26 5.20571e-011 0.375123
41.28 5.20897e-011 0.376641
41.3 5.2121e-011 0.379764
41.32 5.21529e-011 0.38358
41.34 5.21869e-011 0.387025
41.36 5.22242e-011 0.389188
41.38 5.22651e-011 0.389519
41.4 5.23099e-011 0.387936
41.42 5.23581e-011 0.384837
41.44 5.2409e-011 0.381028
41.46 5.24612e-011 0.377553
41.48 5.25129e-011 0.375413
41.5 5.2563e-011 0.37525
41.52 5.26111e-011 0.377114
41.54 5.2658e-011 0.380443
41.56 5.2705e-011 0.384271
41.58 5.2753e-011 0.387541
41.6 5.28026e-011 0.389395
41.62 5.28537e-011 0.389366
41.64 5.2906e-011 0.387459
41.66 5.2959e-011 0.384158
41.68 5.30114e-011 0.380329
41.7 5.30618e-011 0.377031
41.72 5.31084e-011 0.375222
41.74 5.31499e-011 0.375449
41.76 5.31865e-011 0.377643
41.78 5.32192e-011 0.381147
41.8 5.32499e-011 0.384952
41.82 5.32802e-011 0.388017
41.84 5.33114e-011 0.389546
41.86 5.33443e-011 0.389154
41.88 5.33795e-011 0.386937
41.9 5.34171e-011 0.38346
41.92 5.34566e-011 0.379643
41.94 5.34972e-011 0.376553
41.96 5.35375e-011 0.375094
41.98 5.35766e-011 0.375709
42 5.36148e-011 0.378211
42.02 5.3653e-011 0.381855
42.04 5.36926e-011 0.385602
42.06 5.3735e-011 0.388437
42.08 5.37809e-011 0.389629
42.1 5.38305e-011 0.388879
42.12 5.3884e-011 0.386375
42.14 5.39408e-011 0.382756
42.16 5.39999e-011 0.378992
42.18 5.40596e-011 0.376141
42.2 5.4118e-011 0.375046
42.22 5.41737e-011 0.37604
42.24 5.42263e-011 0.378821
42.26 5.42766e-011 0.382567
42.28 5.43256e-011 0.386218
42.3 5.4374e-011 0.388796
42.32 5.44223e-011 0.389641
42.34 5.4471e-011 0.38854
42.36 5.452e-011 0.385769
42.38 5.45692e-011 0.382042
42.4 5.46178e-011 0.378364
42.42 5.46647e-011 0.375781
42.44 5.47085e-011 0.375063
42.46 5.47484e-011 0.376429
42.48 5.47849e-011 0.379464
42.5 5.48191e-011 0.383279
42.52 5.48527e-011 0.386805
42.54 5.48872e-011 0.389107
42.56 5.49237e-011 0.389598
42.58 5.49629e-011 0.388155
42.6 5.50053e-011 0.385139
42.62 5.50509e-011 0.381333
42.64 5.5099e-011 0.377773
42.66 5.51484e-011 0.375482
42.68 5.51977e-011 0.375146
42.7 5.5246e-011 0.376867
42.72 5.52934e-011 0.380127
42.74 5.53406e-011 0.383977
42.76 5.53888e-011 0.387348
42.78 5.54388e-011 0.389354
42.8 5.54911e-011 0.389487
42.82 5.55459e-011 0.387712
42.84 5.56031e-011 0.384478
42.86 5.5662e-011 0.380628
42.88 5.57215e-011 0.377224
42.9 5.57799e-011 0.37525
42.92 5.58352e-011 0.375302
42.94 5.58863e-011 0.377365
42.96 5.59332e-011 0.38082
42.98 5.59766e-011 0.384667
43 5.60179e-011 0.387852
43.02 5.60581e-011 0.389542
43.04 5.60981e-011 0.389312
43.06 5.61389e-011 0.387219
43.08 5.61808e-011 0.383792
43.1 5.62242e-011 0.379934
43.12 5.62687e-011 0.376718
43.14 5.63131e-011 0.375082
43.16 5.63564e-011 0.375523
43.18 5.63979e-011 0.377906
43.2 5.6438e-011 0.38152
43.22 5.64778e-011 0.385331
43.24 5.65184e-011 0.388302
43.26 5.65611e-011 0.389664
43.28 5.66067e-011 0.389076
43.3 5.66557e-011 0.386684
43.32 5.67086e-011 0.383097
43.34 5.67652e-011 0.379269
43.36 5.68245e-011 0.376273
43.38 5.68852e-011 0.374992
43.4 5.69455e-011 0.375815
43.42 5.70045e-011 0.378492
43.44 5.70621e-011 0.382228
43.46 5.71186e-011 0.385964
43.48 5.71747e-011 0.388694
43.5 5.72309e-011 0.389716
43.52 5.72874e-011 0.388775
43.54 5.73445e-011 0.386103
43.56 5.74022e-011 0.382387
43.58 5.74602e-011 0.378624
43.6 5.75175e-011 0.375878
43.62 5.75728e-011 0.374966
43.64 5.76245e-011 0.376165
43.66 5.7672e-011 0.379113
43.68 5.77155e-011 0.38294
43.7 5.77562e-011 0.386573
43.72 5.77951e-011 0.389041
43.74 5.78335e-011 0.389715
43.76 5.78723e-011 0.388426
43.78 5.79126e-011 0.385495
43.8 5.79549e-011 0.381679
43.82 5.79995e-011 0.378012
43.84 5.8046e-011 0.375541
43.86 5.80935e-011 0.375005
43.88 5.81407e-011 0.376567
43.9 5.81872e-011 0.379757
43.92 5.82333e-011 0.383641
43.94 5.82796e-011 0.387138
43.96 5.83272e-011 0.389323
43.98 5.83767e-011 0.389644
44 5.84289e-011 0.388018
44.02 5.84841e-011 0.384854
44.04 5.85426e-011 0.380974
44.06 5.86039e-011 0.377441
44.08 5.8667e-011 0.375272
44.1 5.87302e-011 0.375121
44.12 5.87919e-011 0.377034
44.14 5.8851e-011 0.380435
44.16 5.89074e-011 0.384337
44.18 5.89614e-011 0.387664
44.2 5.90135e-011 0.389546
44.22 5.90645e-011 0.389506
44.24 5.91148e-011 0.387554
44.26 5.91652e-011 0.384182
44.28 5.92162e-011 0.380274
44.3 5.92679e-011 0.376909
44.32 5.93197e-011 0.375066
44.34 5.93706e-011 0.375303
44.36 5.94197e-011 0.377547
44.38 5.94665e-011 0.381126
44.4 5.95113e-011 0.385011
44.42 5.95549e-011 0.388142
44.44 5.95983e-011 0.389705
44.46 5.96423e-011 0.389307
44.48 5.9688e-011 0.387048
44.5 5.97362e-011 0.383499
44.52 5.97874e-011 0.379599
44.54 5.98419e-011 0.376435
44.56 5.98989e-011 0.374935
44.58 5.99576e-011 0.375554
44.6 6.00167e-011 0.378105
44.62 6.00757e-011 0.381826
44.64 6.01345e-011 0.385658
44.66 6.01933e-011 0.388564
44.68 6.02526e-011 0.389796
44.7 6.03126e-011 0.389043
44.72 6.03735e-011 0.386494
44.74 6.04358e-011 0.382798
44.76 6.04994e-011 0.37894
44.78 6.05639e-011 0.376008
44.8 6.06283e-011 0.374868
44.82 6.06912e-011 0.375867
44.84 6.07512e-011 0.378702
44.86 6.08077e-011 0.382535
44.88 6.08606e-011 0.386283
44.9 6.09104e-011 0.388942
44.92 6.09579e-011 0.389832
44.94 6.10037e-011 0.38873
44.96 6.10489e-011 0.385909
44.98 6.10942e-011 0.382095
45 6.11404e-011 0.378312
45.02 6.1188e-011 0.375637
45.04 6.12365e-011 0.374866
45.06 6.12853e-011 0.376234
45.08 6.13337e-011 0.379328
45.1 6.13812e-011 0.383236
45.12 6.14282e-011 0.386867
45.14 6.14752e-011 0.389256
45.16 6.15229e-011 0.389797
45.18 6.1572e-011 0.388354
45.2 6.16234e-011 0.385287
45.22 6.16778e-011 0.38139
45.24 6.17356e-011 0.377722
45.26 6.17967e-011 0.375335
45.28 6.18605e-011 0.374945
45.3 6.19256e-011 0.37667
45.32 6.19909e-011 0.379991
45.34 6.20555e-011 0.383937
45.36 6.2119e-011 0.387415
45.38 6.21813e-011 0.38951
45.4 6.22426e-011 0.389694
45.42 6.23029e-011 0.387919
45.44 6.23628e-011 0.38463
45.46 6.24227e-011 0.380685
45.48 6.24829e-011 0.377166
45.5 6.25435e-011 0.375092
45.52 6.26039e-011 0.375087
45.54 6.26631e-011 0.377154
45.56 6.27202e-011 0.380671
45.58 6.27748e-011 0.38462
45.6 6.28269e-011 0.387918
45.62 6.28768e-011 0.389705
45.64 6.29253e-011 0.389533
45.66 6.29729e-011 0.387442
45.68 6.30205e-011 0.383961
45.7 6.3069e-011 0.380003
45.72 6.31194e-011 0.376665
45.74 6.31719e-011 0.374921
45.76 6.32265e-011 0.375298
45.78 6.32824e-011 0.377683
45.8 6.33391e-011 0.381361
45.82 6.33962e-011 0.385277
45.84 6.34537e-011 0.388367
45.86 6.35116e-011 0.389832
45.88 6.35702e-011 0.389305
45.9 6.363e-011 0.386916
45.92 6.36911e-011 0.383271
45.94 6.37541e-011 0.379335
45.96 6.38191e-011 0.37621
45.98 6.38859e-011 0.374815
46 6.39538e-011 0.375575
46.02 6.40214e-011 0.378257
46.04 6.40878e-011 0.382065
46.06 6.4152e-011 0.385916
46.08 6.42137e-011 0.388773
46.1 6.42727e-011 0.389903
46.12 6.43293e-011 0.389023
46.14 6.43839e-011 0.386353
46.16 6.44371e-011 0.382572
46.18 6.44896e-011 0.378692
46.2 6.45421e-011 0.375809
46.22 6.45952e-011 0.374776
46.24 6.46486e-011 0.375909
46.26 6.47018e-011 0.378864
46.28 6.47544e-011 0.382766
46.3 6.48058e-011 0.386517
46.32 6.48562e-011 0.389117
46.34 6.49057e-011 0.389902
46.36 6.49549e-011 0.388678
46.38 6.50044e-011 0.385749
46.4 6.50551e-011 0.381869
46.42 6.51077e-011 0.378083
46.44 6.51631e-011 0.375473
46.46 6.52217e-011 0.374817
46.48 6.52832e-011 0.376314
46.5 6.5347e-011 0.379512
46.52 6.54124e-011 0.38347
46.54 6.54785e-011 0.387085
46.56 6.5545e-011 0.389402
46.58 6.56114e-011 0.389833
46.6 6.56775e-011 0.388272
46.62 6.57434e-011 0.385108
46.64 6.58091e-011 0.381161
46.66 6.58751e-011 0.377507
46.68 6.59417e-011 0.375195
46.7 6.6009e-011 0.374921
46.72 6.60764e-011 0.376768
46.74 6.61431e-011 0.380179
46.76 6.62082e-011 0.38416
46.78 6.6271e-011 0.387612
46.8 6.63313e-011 0.38963
46.82 6.63888e-011 0.389708
46.84 6.64439e-011 0.387824
46.86 6.64968e-011 0.384453
46.88 6.65482e-011 0.380474
46.9 6.6599e-011 0.37698
46.92 6.66502e-011 0.374987
46.94 6.67023e-011 0.375094
46.96 6.67557e-011 0.377269
46.98 6.681e-011 0.380859
47 6.68648e-011 0.384826
47.02 6.69199e-011 0.388085
47.04 6.6975e-011 0.38979
47.06 6.70304e-011 0.389513
47.08 6.70861e-011 0.387323
47.1 6.71425e-011 0.383773
47.12 6.72002e-011 0.379797
47.14 6.72597e-011 0.3765
47.16 6.73216e-011 0.374846
47.18 6.73861e-011 0.375336
47.2 6.74529e-011 0.377821
47.22 6.75211e-011 0.381559
47.24 6.75897e-011 0.385479
47.26 6.76579e-011 0.388518
47.28 6.77249e-011 0.389894
47.3 6.77903e-011 0.389262
47.32 6.78538e-011 0.38678
47.34 6.79154e-011 0.383077
47.36 6.79754e-011 0.379138
47.38 6.80345e-011 0.376067
47.4 6.80934e-011 0.374769
47.42 6.81525e-011 0.375639
47.44 6.82118e-011 0.378411
47.46 6.8271e-011 0.382261
47.48 6.83293e-011 0.386099
47.5 6.83863e-011 0.388892
47.52 6.84416e-011 0.389927
47.54 6.84951e-011 0.388947
47.56 6.8547e-011 0.386195
47.58 6.85976e-011 0.382375
47.6 6.86478e-011 0.378512
47.62 6.86984e-011 0.375699
47.64 6.87505e-011 0.374771
47.66 6.88051e-011 0.376011
47.68 6.88624e-011 0.379041
47.7 6.89224e-011 0.382967
47.72 6.89844e-011 0.386686
47.74 6.90479e-011 0.389208
47.76 6.91123e-011 0.389893
47.78 6.91773e-011 0.388571
47.8 6.92425e-011 0.385572
47.82 6.93078e-011 0.381668
47.84 6.93732e-011 0.377915
47.86 6.94392e-011 0.375387
47.88 6.95064e-011 0.374838
47.9 6.95748e-011 0.376435
47.92 6.96444e-011 0.379695
47.94 6.97143e-011 0.383663
47.96 6.97837e-011 0.387234
47.98 6.98515e-011 0.389469
48 6.99172e-011 0.389801
48.02 6.99802e-011 0.388151
48.04 7.00401e-011 0.38493
48.06 7.00971e-011 0.380975
48.08 7.01515e-011 0.377366
48.1 7.0204e-011 0.375143
48.12 7.02558e-011 0.374973
48.14 7.03078e-011 0.376909
48.16 7.03603e-011 0.380366
48.18 7.04133e-011 0.384339
48.2 7.04663e-011 0.387733
48.22 7.05188e-011 0.389661
48.24 7.05707e-011 0.38964
48.26 7.06219e-011 0.387673
48.28 7.06725e-011 0.384258
48.3 7.07227e-011 0.380288
48.32 7.07731e-011 0.376858
48.34 7.08245e-011 0.374965
48.36 7.08781e-011 0.375182
48.38 7.09347e-011 0.37744
48.4 7.09945e-011 0.381063
48.42 7.1057e-011 0.385007
48.44 7.11214e-011 0.388194
48.46 7.1187e-011 0.389798
48.48 7.12527e-011 0.389418
48.5 7.13179e-011 0.387149
48.52 7.13821e-011 0.383566
48.54 7.14448e-011 0.379614
48.56 7.15062e-011 0.376394
48.58 7.15668e-011 0.37485
48.6 7.16275e-011 0.37545
48.62 7.16888e-011 0.37801
48.64 7.17509e-011 0.381766
48.66 7.18132e-011 0.385645
48.68 7.1875e-011 0.388599
48.7 7.19354e-011 0.389868
48.72 7.1994e-011 0.389135
48.74 7.205e-011 0.386585
48.76 7.21033e-011 0.382866
48.78 7.21538e-011 0.37897
48.8 7.22021e-011 0.375994
48.82 7.22491e-011 0.374814
48.84 7.22963e-011 0.375789
48.86 7.23449e-011 0.378622
48.88 7.23955e-011 0.382472
48.9 7.24483e-011 0.386251
48.92 7.25029e-011 0.388945
48.94 7.25589e-011 0.389868
48.96 7.26157e-011 0.388789
48.98 7.2673e-011 0.385979
49 7.27303e-011 0.382158
49.02 7.27875e-011 0.378354
49.04 7.28447e-011 0.375648
49.06 7.29027e-011 0.374843
49.08 7.29622e-011 0.376184
49.1 7.3024e-011 0.379263
49.12 7.30881e-011 0.383175
49.14 7.31538e-011 0.386822
49.16 7.32203e-011 0.389239
49.18 7.32865e-011 0.38981
49.2 7.33515e-011 0.388396
49.22 7.34145e-011 0.385349
49.24 7.34747e-011 0.381458
49.26 7.35317e-011 0.37778
49.28 7.35857e-011 0.375367
49.3 7.36375e-011 0.374941
49.32 7.36883e-011 0.376631
49.34 7.37391e-011 0.379926
49.36 7.37902e-011 0.383862
49.38 7.38416e-011 0.387348
49.4 7.38925e-011 0.389466
49.42 7.39425e-011 0.389682
49.44 7.39911e-011 0.387943
49.46 7.4038e-011 0.384686
49.48 7.40829e-011 0.380761
49.5 7.41259e-011 0.377244
49.52 7.41675e-011 0.375151
49.54 7.4209e-011 0.375112
49.56 7.4252e-011 0.377138
49.58 7.42979e-011 0.380619
49.6 7.43471e-011 0.384546
49.62 7.43997e-011 0.387839
49.64 7.4455e-011 0.389639
49.66 7.45124e-011 0.389494
49.68 7.4571e-011 0.387441
49.7 7.46299e-011 0.383999
49.72 7.46884e-011 0.380072
49.74 7.47459e-011 0.376748
49.76 7.48025e-011 0.374996
49.78 7.48589e-011 0.375345
49.8 7.49162e-011 0.377686
49.82 7.4975e-011 0.38132
49.84 7.50355e-011 0.385201
49.86 7.50971e-011 0.388275
49.88 7.51589e-011 0.389745
49.9 7.522e-011 0.389244
49.92 7.52795e-011 0.386898
49.94 7.53363e-011 0.383303
49.96 7.53896e-011 0.379414
49.98 7.54391e-011 0.376316
50 7.54849e-011 0.374921
