1 2.70585e-013 2.64719e-015 0.383541
2 5.34213e-013 5.38111e-015 0.375063
3 8.91304e-013 8.01789e-015 0.379523
4 1.1379e-012 1.07553e-014 0.388782
5 1.11677e-012 1.33331e-014 0.386879
6 1.0414e-012 1.60531e-014 0.37713
7 6.17382e-013 1.87211e-014 0.376728
8 1.30691e-013 2.13475e-014 0.386421
9 6.39982e-013 2.40363e-014 0.38912
10 1.55875e-012 2.66384e-014 0.380158
11 2.50551e-012 2.93203e-014 0.374886
12 3.51961e-012 3.1964e-014 0.382812
13 4.217e-012 3.46216e-014 0.389876
14 4.90134e-012 3.72445e-014 0.384179
15 5.44747e-012 3.99021e-014 0.375402
16 6.1013e-012 4.26464e-014 0.379075
17 6.98355e-012 4.52798e-014 0.388425
18 7.93583e-012 4.79963e-014 0.387187
19 9.2527e-012 5.06227e-014 0.377466
20 1.0605e-011 5.33115e-014 0.376386
21 1.22466e-011 5.60108e-014 0.386024
22 1.40288e-011 5.86406e-014 0.389423
23 1.58528e-011 6.13919e-014 0.380756
24 1.78152e-011 6.41119e-014 0.374748
25 1.94743e-011 6.67279e-014 0.382156
26 2.10965e-011 6.94514e-014 0.389767
27 2.25192e-011 7.20604e-014 0.384735
28 2.3991e-011 7.47562e-014 0.375651
29 2.5639e-011 7.74068e-014 0.378609
30 2.73476e-011 8.00505e-014 0.388173
31 2.93713e-011 8.26769e-014 0.387629
32 3.1428e-011 8.52894e-014 0.377849
33 3.3751e-011 8.80303e-014 0.375913
34 3.61542e-011 9.06879e-014 0.385448
35 3.8617e-011 9.33767e-014 0.389708
36 4.11882e-011 9.60412e-014 0.381517
37 4.34734e-011 9.87405e-014 0.374776
38 4.56979e-011 1.01412e-013 0.381442
39 4.76242e-011 1.04024e-013 0.389502
40 4.95407e-011 1.06734e-013 0.385234
41 5.15907e-011 1.09353e-013 0.375998
42 5.36425e-011 1.12105e-013 0.378201
43 5.60186e-011 1.14801e-013 0.387834
44 5.84061e-011 1.17423e-013 0.388005
45 6.10813e-011 1.20078e-013 0.378315
46 6.38792e-011 1.22732e-013 0.375592
47 6.67646e-011 1.25407e-013 0.384843
48 6.9831e-011 1.27991e-013 0.389806
49 7.26869e-011 1.30625e-013 0.382146
50 7.5504e-011 1.33286e-013 0.374901
51 7.79642e-011 1.35929e-013 0.380931
52 8.03661e-011 1.38601e-013 0.389301
53 8.28054e-011 1.41168e-013 0.385634
54 8.52674e-011 1.43906e-013 0.376191
55 8.80024e-011 1.46581e-013 0.37776
56 9.07103e-011 1.49256e-013 0.387574
57 9.37074e-011 1.51934e-013 0.388484
58 9.67634e-011 1.54553e-013 0.378821
59 9.9934e-011 1.57291e-013 0.375213
60 1.03287e-010 1.59948e-013 0.384176
61 1.06463e-010 1.62662e-013 0.389896
62 1.09643e-010 1.65361e-013 0.382829
63 1.1242e-010 1.68025e-013 0.375032
64 1.15023e-010 1.70784e-013 0.38036
65 1.17575e-010 1.73358e-013 0.389082
66 1.2006e-010 1.76036e-013 0.386129
67 1.22764e-010 1.78722e-013 0.376499
68 1.25398e-010 1.81404e-013 0.377243
69 1.28245e-010 1.84082e-013 0.387124
70 1.31101e-010 1.86674e-013 0.388879
71 1.34046e-010 1.89404e-013 0.379499
72 1.37127e-010 1.9202e-013 0.375049
73 1.40081e-010 1.94695e-013 0.383481
74 1.43079e-010 1.97321e-013 0.389777
75 1.4567e-010 1.99962e-013 0.383367
76 1.48071e-010 2.0265e-013 0.375259
77 1.50284e-010 2.05318e-013 0.379938
78 1.52405e-010 2.08032e-013 0.388893
79 1.54722e-010 2.10658e-013 0.386539
80 1.56971e-010 2.13354e-013 0.37677
81 1.59464e-010 2.16063e-013 0.37677
82 1.61962e-010 2.18679e-013 0.386688
83 1.64539e-010 2.21375e-013 0.389226
84 1.67269e-010 2.24001e-013 0.380114
85 1.69883e-010 2.26697e-013 0.374925
86 1.72578e-010 2.29382e-013 0.38288
87 1.74925e-010 2.31981e-013 0.389732
88 1.77031e-010 2.34712e-013 0.383876
89 1.78886e-010 2.37355e-013 0.37536
90 1.80563e-010 2.40051e-013 0.379412
91 1.82367e-010 2.42705e-013 0.388731
92 1.84081e-010 2.4537e-013 0.387125
93 1.86027e-010 2.48076e-013 0.377176
94 1.87943e-010 2.50713e-013 0.376233
95 1.89965e-010 2.53443e-013 0.38605
96 1.92101e-010 2.5608e-013 0.389478
97 1.94129e-010 2.58699e-013 0.38084
98 1.96276e-010 2.61471e-013 0.37495
99 1.98054e-010 2.64119e-013 0.382267
100 1.9961e-010 2.66821e-013 0.389566
101 2.00793e-010 2.69382e-013 0.384369
102 2.01683e-010 2.72126e-013 0.375561
103 2.02599e-010 2.74784e-013 0.378916
104 2.0334e-010 2.77476e-013 0.388441
105 2.04258e-010 2.80144e-013 0.387596
106 2.05121e-010 2.82743e-013 0.377678
107 2.06062e-010 2.85501e-013 0.375889
108 2.07107e-010 2.88092e-013 0.385455
109 2.08082e-010 2.90722e-013 0.38956
110 2.09203e-010 2.93293e-013 0.381396
111 2.10054e-010 2.95954e-013 0.374992
112 2.10744e-010 2.98647e-013 0.381816
113 2.1104e-010 3.01238e-013 0.389517
114 2.1104e-010 3.03969e-013 0.384834
115 2.11026e-010 3.06598e-013 0.37566
116 2.10832e-010 3.09284e-013 0.37834
117 2.10844e-010 3.11987e-013 0.388172
118 2.10759e-010 3.14564e-013 0.388135
119 2.1078e-010 3.17218e-013 0.378236
120 2.10878e-010 3.19841e-013 0.375527
121 2.10907e-010 3.2252e-013 0.384812
122 2.1112e-010 3.25184e-013 0.389654
123 2.11114e-010 3.27849e-013 0.381995
124 2.11019e-010 3.30576e-013 0.375029
125 2.1054e-010 3.3323e-013 0.381258
126 2.09705e-010 3.3596e-013 0.389425
127 2.08767e-010 3.38531e-013 0.385414
128 2.07644e-010 3.41227e-013 0.375932
129 2.06686e-010 3.43892e-013 0.37774
130 2.05657e-010 3.46514e-013 0.387679
131 2.0474e-010 3.49224e-013 0.388525
132 2.03878e-010 3.5184e-013 0.378895
133 2.02961e-010 3.54539e-013 0.375403
134 2.02205e-010 3.57197e-013 0.384218
135 2.01254e-010 3.59809e-013 0.389603
136 2.00288e-010 3.62512e-013 0.382452
137 1.98945e-010 3.65187e-013 0.375089
138 1.97204e-010 3.67945e-013 0.380801
139 1.9527e-010 3.70592e-013 0.389346
140 1.93046e-010 3.73229e-013 0.385953
141 1.90992e-010 3.75928e-013 0.376198
142 1.88845e-010 3.78558e-013 0.37721
143 1.8683e-010 3.81223e-013 0.387215
144 1.84903e-010 3.83808e-013 0.388854
145 1.82952e-010 3.86496e-013 0.379453
146 1.81208e-010 3.89203e-013 0.375244
147 1.79352e-010 3.91846e-013 0.383717
148 1.7759e-010 3.94525e-013 0.389682
149 1.75584e-010 3.97123e-013 0.382977
150 1.73291e-010 3.99857e-013 0.375048
151 1.70763e-010 4.02508e-013 0.38017
152 1.67945e-010 4.05165e-013 0.389209
153 1.65262e-010 4.07778e-013 0.386623
154 1.62479e-010 4.10387e-013 0.376656
155 1.59869e-010 4.13142e-013 0.376678
156 1.57339e-010 4.15789e-013 0.386595
157 1.5482e-010 4.18485e-013 0.38907
158 1.52544e-010 4.21146e-013 0.380085
159 1.50157e-010 4.23831e-013 0.375195
160 1.4794e-010 4.26589e-013 0.38318
161 1.45549e-010 4.29174e-013 0.389662
162 1.42944e-010 4.31873e-013 0.383514
163 1.40128e-010 4.34534e-013 0.375157
164 1.36964e-010 4.37202e-013 0.379573
165 1.33901e-010 4.39846e-013 0.388926
166 1.30727e-010 4.42486e-013 0.387125
167 1.27728e-010 4.4522e-013 0.377163
168 1.24788e-010 4.47867e-013 0.376352
169 1.21887e-010 4.50522e-013 0.38607
170 1.19189e-010 4.53155e-013 0.389193
171 1.16426e-010 4.55806e-013 0.380541
172 1.13854e-010 4.58491e-013 0.375102
173 1.11132e-010 4.61152e-013 0.382727
174 1.083e-010 4.63855e-013 0.389759
175 1.05238e-010 4.66474e-013 0.384092
176 1.01825e-010 4.69149e-013 0.375219
177 9.84787e-011 4.71848e-013 0.378901
178 9.5e-011 4.74506e-013 0.388607
179 9.17291e-011 4.77191e-013 0.387671
180 8.85542e-011 4.79818e-013 0.377711
181 8.54435e-011 4.82586e-013 0.376018
182 8.26099e-011 4.85244e-013 0.385506
183 7.97655e-011 4.87818e-013 0.389352
184 7.71935e-011 4.9051e-013 0.381089
185 7.4593e-011 4.93185e-013 0.375001
186 7.1971e-011 4.95846e-013 0.382125
187 6.91962e-011 4.98462e-013 0.389733
188 6.6083e-011 5.01137e-013 0.384775
189 6.29794e-011 5.03726e-013 0.375513
190 5.97292e-011 5.06352e-013 0.378287
191 5.67074e-011 5.09065e-013 0.38809
192 5.37697e-011 5.11674e-013 0.388004
193 5.09634e-011 5.14346e-013 0.378286
194 4.84135e-011 5.17069e-013 0.375876
195 4.58693e-011 5.19716e-013 0.385041
196 4.36448e-011 5.22391e-013 0.389425
197 4.14174e-011 5.24976e-013 0.381543
198 3.92781e-011 5.27696e-013 0.374917
199 3.70486e-011 5.30319e-013 0.38158
200 3.44765e-011 5.33032e-013 0.389684
201 3.18734e-011 5.35683e-013 0.385378
202 2.90462e-011 5.38288e-013 0.375813
203 2.63883e-011 5.41036e-013 0.37777
204 2.38041e-011 5.43655e-013 0.387666
205 2.13206e-011 5.46303e-013 0.388311
206 1.90962e-011 5.48932e-013 0.378744
207 1.68799e-011 5.51646e-013 0.37563
208 1.49721e-011 5.54355e-013 0.384595
209 1.30872e-011 5.56954e-013 0.389643
210 1.13744e-011 5.5965e-013 0.382129
211 9.63288e-012 5.62262e-013 0.374818
212 7.64855e-012 5.64958e-013 0.380857
213 5.62123e-012 5.67556e-013 0.389518
214 3.3305e-012 5.70197e-013 0.386041
215 1.2448e-012 5.72896e-013 0.376282
216 8.01472e-013 5.75522e-013 0.377301
217 2.66908e-012 5.78235e-013 0.387126
218 4.24994e-012 5.80865e-013 0.388539
219 5.78349e-012 5.83554e-013 0.379255
220 6.96997e-012 5.8626e-013 0.375475
221 8.1235e-012 5.88876e-013 0.384085
222 9.0667e-012 5.91548e-013 0.389742
223 9.96422e-012 5.94091e-013 0.382726
224 1.10394e-011 5.96839e-013 0.374889
225 1.21627e-011 5.99555e-013 0.380227
226 1.35646e-011 6.02116e-013 0.389221
227 1.48253e-011 6.04756e-013 0.386513
228 1.60475e-011 6.07361e-013 0.376716
229 1.70915e-011 6.10099e-013 0.377003
230 1.7871e-011 6.12725e-013 0.386733
231 1.85647e-011 6.15383e-013 0.388756
232 1.88977e-011 6.1802e-013 0.379638
233 1.91945e-011 6.20691e-013 0.375215
234 1.92344e-011 6.23446e-013 0.383596
235 1.92379e-011 6.26069e-013 0.389922
236 1.93716e-011 6.28751e-013 0.383404
237 1.95602e-011 6.31398e-013 0.374957
238 2.01232e-011 6.34007e-013 0.379542
239 2.061e-011 6.36699e-013 0.388897
240 2.11386e-011 6.39263e-013 0.387011
241 2.1525e-011 6.41976e-013 0.377173
242 2.16674e-011 6.44668e-013 0.37664
243 2.17421e-011 6.47305e-013 0.386291
244 2.1467e-011 6.49952e-013 0.389035
245 2.11142e-011 6.52554e-013 0.380185
246 2.0484e-011 6.55243e-013 0.374991
247 1.97487e-011 6.5788e-013 0.38292
248 1.90413e-011 6.60586e-013 0.38991
249 1.8338e-011 6.63209e-013 0.384112
250 1.79742e-011 6.65877e-013 0.375274
251 1.75668e-011 6.68573e-013 0.378981
252 1.72387e-011 6.7122e-013 0.388456
253 1.67409e-011 6.73902e-013 0.387312
254 1.601e-011 6.76511e-013 0.377603
255 1.52231e-011 6.79221e-013 0.376401
256 1.40809e-011 6.81937e-013 0.385908
257 1.29163e-011 6.84584e-013 0.38927
258 1.14372e-011 6.87308e-013 0.380683
259 9.84895e-012 6.89931e-013 0.374826
260 8.24248e-012 6.92658e-013 0.382298
261 6.57838e-012 6.95249e-013 0.389863
262 5.25844e-012 6.97848e-013 0.384712
263 3.94792e-012 7.00551e-013 0.375544
264 2.78949e-012 7.03233e-013 0.378501
265 1.49913e-012 7.05908e-013 0.388133
266 7.39426e-015 7.08454e-013 0.387678
267 1.5741e-012 7.11195e-013 0.377958
268 3.46573e-012 7.13828e-013 0.376021
269 5.37236e-012 7.16444e-013 0.385452
270 7.55979e-012 7.19071e-013 0.389598
271 9.80349e-012 7.21673e-013 0.381358
272 1.21001e-011 7.24431e-013 0.374715
273 1.44461e-011 7.27075e-013 0.381542
274 1.6454e-011 7.29743e-013 0.38966
275 1.84148e-011 7.32352e-013 0.385331
276 2.01021e-011 7.35065e-013 0.37595
277 2.18591e-011 7.37802e-013 0.37807
278 2.3767e-011 7.40435e-013 0.387716
279 2.57358e-011 7.43069e-013 0.387981
280 2.8039e-011 7.45744e-013 0.3784
281 3.03561e-011 7.48356e-013 0.375729
282 3.29681e-011 7.51076e-013 0.384921
283 3.56701e-011 7.53606e-013 0.389754
284 3.84773e-011 7.56336e-013 0.382014
285 4.13928e-011 7.58945e-013 0.374789
286 4.40631e-011 7.61575e-013 0.380938
287 4.66689e-011 7.64243e-013 0.38939
288 4.89643e-011 7.66918e-013 0.385744
289 5.12831e-011 7.69617e-013 0.376261
290 5.36612e-011 7.72236e-013 0.377731
291 5.60993e-011 7.74953e-013 0.387457
292 5.88197e-011 7.77569e-013 0.388338
293 6.15427e-011 7.80154e-013 0.378786
294 6.45658e-011 7.82902e-013 0.375343
295 6.76452e-011 7.85486e-013 0.38435
296 7.08327e-011 7.88161e-013 0.389945
297 7.41598e-011 7.90774e-013 0.382717
298 7.72499e-011 7.9348e-013 0.374883
299 8.03007e-011 7.96231e-013 0.380303
300 8.29677e-011 7.98823e-013 0.389136
301 8.55605e-011 8.01498e-013 0.386216
302 8.8156e-011 8.04131e-013 0.376589
303 9.07272e-011 8.06841e-013 0.377285
304 9.352e-011 8.09498e-013 0.387073
305 9.62586e-011 8.12132e-013 0.388745
306 9.92379e-011 8.14838e-013 0.379376
307 1.0222e-010 8.17492e-013 0.375081
308 1.05313e-010 8.20184e-013 0.383629
309 1.08509e-010 8.22748e-013 0.389907
310 1.11535e-010 8.25427e-013 0.383369
311 1.14533e-010 8.28122e-013 0.375158
312 1.17085e-010 8.30738e-013 0.379824
313 1.1952e-010 8.33451e-013 0.388827
314 1.21853e-010 8.36036e-013 0.38656
315 1.24164e-010 8.3869e-013 0.376883
316 1.26691e-010 8.41372e-013 0.376916
317 1.29144e-010 8.44047e-013 0.386709
318 1.31857e-010 8.46767e-013 0.38909
319 1.3457e-010 8.49373e-013 0.379931
320 1.37393e-010 8.52086e-013 0.374886
321 1.40354e-010 8.54698e-013 0.383005
322 1.43178e-010 8.57352e-013 0.389863
323 1.46028e-010 8.6002e-013 0.383926
324 1.48451e-010 8.62661e-013 0.375328
325 1.5067e-010 8.65322e-013 0.379354
326 1.52682e-010 8.67962e-013 0.388637
327 1.54631e-010 8.7063e-013 0.387031
328 1.56736e-010 8.73263e-013 0.377189
329 1.58775e-010 8.75945e-013 0.376394
330 1.61058e-010 8.78627e-013 0.386209
331 1.63286e-010 8.8124e-013 0.389456
332 1.65651e-010 8.83932e-013 0.380664
333 1.68093e-010 8.86582e-013 0.374797
334 1.70434e-010 8.89303e-013 0.382286
335 1.72843e-010 8.91912e-013 0.389681
336 1.74832e-010 8.94521e-013 0.384475
337 1.76575e-010 8.97254e-013 0.375616
338 1.7797e-010 8.99881e-013 0.378897
339 1.79164e-010 9.02584e-013 0.388345
340 1.80429e-010 9.05217e-013 0.38745
341 1.81568e-010 9.07878e-013 0.377623
342 1.82895e-010 9.1056e-013 0.376004
343 1.84161e-010 9.13221e-013 0.385626
344 1.8552e-010 9.15903e-013 0.389617
345 1.86959e-010 9.18467e-013 0.381306
346 1.88317e-010 9.21128e-013 0.374874
347 1.89773e-010 9.23778e-013 0.381755
348 1.90896e-010 9.26377e-013 0.389516
349 1.91832e-010 9.29073e-013 0.384873
350 1.92377e-010 9.31671e-013 0.375774
351 1.92703e-010 9.34398e-013 0.378453
352 1.93051e-010 9.37028e-013 0.388144
353 1.9326e-010 9.39721e-013 0.387953
354 1.93692e-010 9.42389e-013 0.378065
355 1.94032e-010 9.45015e-013 0.375578
356 1.94498e-010 9.47738e-013 0.385
357 1.95028e-010 9.50313e-013 0.38978
358 1.95484e-010 9.52977e-013 0.381964
359 1.96077e-010 9.55635e-013 0.374931
360 1.96384e-010 9.58251e-013 0.381188
361 1.96545e-010 9.60912e-013 0.38937
362 1.9631e-010 9.63517e-013 0.385393
363 1.95788e-010 9.66244e-013 0.376003
364 1.95224e-010 9.6893e-013 0.3779
365 1.9451e-010 9.71615e-013 0.387746
366 1.93988e-010 9.74252e-013 0.388416
367 1.93382e-010 9.76875e-013 0.378706
368 1.92911e-010 9.79574e-013 0.375338
369 1.9248e-010 9.82221e-013 0.384316
370 1.92008e-010 9.84872e-013 0.389721
371 1.91683e-010 9.8755e-013 0.382525
372 1.91085e-010 9.90239e-013 0.375101
373 1.90401e-010 9.92949e-013 0.380753
374 1.89253e-010 9.95599e-013 0.389208
375 1.87765e-010 9.98313e-013 0.385817
376 1.86136e-010 1.00098e-012 0.376232
377 1.8429e-010 1.00365e-012 0.377416
378 1.82623e-010 1.00634e-012 0.387368
379 1.8085e-010 1.00899e-012 0.388787
380 1.79222e-010 1.01168e-012 0.379275
381 1.77642e-010 1.01432e-012 0.375153
382 1.76061e-010 1.017e-012 0.383755
383 1.74662e-010 1.01957e-012 0.38973
384 1.73127e-010 1.02218e-012 0.383014
385 1.71614e-010 1.02487e-012 0.37514
386 1.69746e-010 1.02755e-012 0.380245
387 1.67578e-010 1.03026e-012 0.389132
388 1.65209e-010 1.03287e-012 0.386403
389 1.62636e-010 1.03553e-012 0.376543
390 1.60233e-010 1.03824e-012 0.376823
391 1.57735e-010 1.04092e-012 0.386815
392 1.55423e-010 1.04362e-012 0.38913
393 1.53154e-010 1.04623e-012 0.37997
394 1.50894e-010 1.04894e-012 0.375085
395 1.48848e-010 1.05152e-012 0.383138
396 1.46686e-010 1.05419e-012 0.389643
397 1.44658e-010 1.05689e-012 0.383518
398 1.42365e-010 1.05953e-012 0.375275
399 1.39805e-010 1.06227e-012 0.379723
400 1.37016e-010 1.06487e-012 0.388908
401 1.33966e-010 1.0675e-012 0.386924
402 1.31058e-010 1.07018e-012 0.376989
403 1.28068e-010 1.07278e-012 0.37642
404 1.25268e-010 1.07551e-012 0.386239
405 1.22512e-010 1.07809e-012 0.389271
406 1.198e-010 1.08082e-012 0.380513
407 1.17255e-010 1.08352e-012 0.375082
408 1.14617e-010 1.0862e-012 0.382703
409 1.12137e-010 1.08889e-012 0.389639
410 1.09445e-010 1.09152e-012 0.383974
411 1.06581e-010 1.09425e-012 0.375299
412 1.03459e-010 1.09697e-012 0.379154
413 1.0002e-010 1.09968e-012 0.388712
414 9.67047e-011 1.1023e-012 0.3875
415 9.32719e-011 1.10495e-012 0.37747
416 9.00763e-011 1.10767e-012 0.375996
417 8.6962e-011 1.11027e-012 0.385657
418 8.39354e-011 1.11295e-012 0.389439
419 8.11678e-011 1.11559e-012 0.381092
420 7.83612e-011 1.11825e-012 0.375022
421 7.57981e-011 1.12098e-012 0.382156
422 7.31285e-011 1.12355e-012 0.389628
423 7.04021e-011 1.12624e-012 0.384581
424 6.74529e-011 1.12885e-012 0.375487
425 6.42095e-011 1.13156e-012 0.378505
426 6.10238e-011 1.13423e-012 0.38829
427 5.77268e-011 1.13681e-012 0.387957
428 5.46854e-011 1.13946e-012 0.378101
429 5.16945e-011 1.14213e-012 0.375782
430 4.88559e-011 1.14483e-012 0.385069
431 4.62656e-011 1.14747e-012 0.389446
432 4.36895e-011 1.15015e-012 0.381566
433 4.14098e-011 1.1529e-012 0.375044
434 3.90566e-011 1.15552e-012 0.381691
435 3.67339e-011 1.15824e-012 0.389592
436 3.42414e-011 1.16081e-012 0.385114
437 3.14267e-011 1.16355e-012 0.375699
438 2.8629e-011 1.1662e-012 0.377955
439 2.5664e-011 1.16882e-012 0.387886
440 2.29156e-011 1.17146e-012 0.388326
441 2.0214e-011 1.174e-012 0.378615
442 1.76308e-011 1.17669e-012 0.375583
443 1.52706e-011 1.17934e-012 0.384598
444 1.29426e-011 1.182e-012 0.389574
445 1.09184e-011 1.18465e-012 0.382047
446 8.88031e-012 1.18729e-012 0.374935
447 6.96911e-012 1.19001e-012 0.381092
448 4.9215e-012 1.19263e-012 0.389551
449 2.61922e-012 1.19529e-012 0.385805
450 2.83574e-013 1.19793e-012 0.376051
451 2.2374e-012 1.20058e-012 0.377368
452 4.50233e-012 1.20328e-012 0.387326
453 6.70667e-012 1.20583e-012 0.388623
454 8.72618e-012 1.20856e-012 0.379214
455 1.04878e-011 1.21122e-012 0.37546
456 1.22085e-011 1.21391e-012 0.38408
457 1.35827e-011 1.2166e-012 0.389619
458 1.49244e-011 1.21921e-012 0.382587
459 1.60814e-011 1.22194e-012 0.374961
460 1.72713e-011 1.22457e-012 0.380485
461 1.86923e-011 1.22731e-012 0.389328
462 2.01634e-011 1.22992e-012 0.38635
463 2.18643e-011 1.23257e-012 0.376507
464 2.33533e-011 1.23528e-012 0.376998
465 2.47889e-011 1.23791e-012 0.386841
466 2.6e-011 1.2406e-012 0.388778
467 2.69572e-011 1.24319e-012 0.379642
468 2.78349e-011 1.2459e-012 0.375319
469 2.83652e-011 1.24859e-012 0.383674
470 2.88856e-011 1.25125e-012 0.389769
471 2.91423e-011 1.2539e-012 0.383134
472 2.94271e-011 1.25653e-012 0.374938
473 2.98778e-011 1.25924e-012 0.379824
474 3.04195e-011 1.2619e-012 0.389112
475 3.12923e-011 1.26454e-012 0.386918
476 3.20265e-011 1.26719e-012 0.376966
477 3.27829e-011 1.26982e-012 0.376596
478 3.33528e-011 1.27252e-012 0.386351
479 3.36727e-011 1.2751e-012 0.389018
480 3.39029e-011 1.27775e-012 0.380148
481 3.37884e-011 1.28044e-012 0.375128
482 3.36247e-011 1.28306e-012 0.383091
483 3.31807e-011 1.28575e-012 0.389848
484 3.26931e-011 1.28838e-012 0.383825
485 3.22632e-011 1.29108e-012 0.375127
486 3.18922e-011 1.29371e-012 0.379157
487 3.18302e-011 1.29636e-012 0.388676
488 3.16399e-011 1.29902e-012 0.387336
489 3.15075e-011 1.30166e-012 0.377503
490 3.11575e-011 1.30438e-012 0.37638
491 3.05983e-011 1.30704e-012 0.38589
492 2.99345e-011 1.30976e-012 0.389149
493 2.89101e-011 1.31244e-012 0.380587
494 2.78548e-011 1.31508e-012 0.374989
495 2.64911e-011 1.31778e-012 0.382564
496 2.50739e-011 1.32035e-012 0.389868
497 2.3663e-011 1.32301e-012 0.384442
498 2.22783e-011 1.32567e-012 0.375342
499 2.12206e-011 1.32835e-012 0.378613
500 2.01165e-011 1.33108e-012 0.388305
