1 3.04932e-020 4.91279e-020 1
2 8.47033e-019 1.52466e-019 1
3 8.09763e-019 1.6263e-019 1
4 8.19928e-019 1.25361e-019 1
5 1.34848e-018 1.88041e-019 1
6 1.16213e-018 1.25361e-019 1
7 3.38813e-019 2.03288e-020 1
8 6.13252e-019 8.13152e-020 1
9 1.10114e-018 8.13152e-020 1
10 2.52077e-018 1.01644e-019 1
11 3.44234e-018 1.88041e-019 1
12 3.35764e-018 1.76183e-019 1
13 2.11081e-018 1.25361e-019 1
14 1.37558e-018 2.5411e-020 1
15 1.63986e-018 4.74338e-020 1
16 8.77526e-019 1.69407e-020 1
17 1.0266e-018 5.59042e-020 1
18 5.31937e-019 7.6233e-020 1
19 1.32137e-019 8.47033e-020 1
20 1.35525e-020 1.5416e-019 1
21 3.82859e-019 1.49078e-019 1
22 6.50521e-019 1.06726e-019 1
23 8.80914e-020 1.35525e-019 1
24 9.04631e-019 1.37219e-019 1
25 1.83298e-018 9.82558e-020 1
26 1.89735e-018 5.92923e-020 1
27 2.63597e-018 7.11508e-020 1
28 2.30054e-018 1.25361e-019 1
29 2.89346e-018 3.89635e-020 1
30 3.47284e-018 5.0822e-021 1
31 3.04593e-018 3.04932e-020 1
32 3.44234e-018 2.03288e-020 1
33 4.63158e-018 6.43745e-020 1
34 4.74677e-018 2.5411e-020 1
35 5.21772e-018 7.96211e-020 1
36 5.8242e-018 1.93124e-019 1
37 5.54298e-018 1.91429e-019 1
38 5.13641e-018 2.30393e-019 1
39 5.14657e-018 2.27005e-019 1
40 4.71967e-018 1.96512e-019 1
41 3.97428e-018 1.76183e-019 1
42 4.45878e-018 2.69356e-019 1
43 3.83198e-018 2.50722e-019 1
44 4.34358e-018 2.94767e-019 1
45 4.10303e-018 2.60886e-019 1
46 4.1674e-018 2.4564e-019 1
47 4.44184e-018 2.64274e-019 1
48 4.29954e-018 2.86297e-019 1
49 4.04543e-018 2.57498e-019 1
50 3.44573e-018 2.18535e-019 1
51 4.47572e-018 2.81215e-019 1
52 4.57059e-018 3.04932e-019 1
53 5.35325e-018 3.52366e-019 1
54 5.19401e-018 3.69306e-019 1
55 6.24433e-018 4.89585e-019 1
56 6.38324e-018 5.03138e-019 1
57 6.84741e-018 5.37019e-019 1
58 6.2511e-018 4.7095e-019 1
59 6.55942e-018 5.52265e-019 1
60 6.59669e-018 5.2516e-019 1
61 7.30481e-018 5.48877e-019 1
62 6.50182e-018 5.04832e-019 1
63 6.77288e-018 4.92973e-019 1
64 7.01343e-018 5.37019e-019 1
65 7.97566e-018 5.74288e-019 1
66 7.33192e-018 5.18384e-019 1
67 6.95245e-018 4.81115e-019 1
68 6.87791e-018 5.03138e-019 1
69 7.19978e-018 5.11608e-019 1
70 6.71528e-018 4.6248e-019 1
71 6.67801e-018 4.23516e-019 1
72 6.87791e-018 4.35375e-019 1
73 6.95245e-018 4.1674e-019 1
74 7.0236e-018 4.74338e-019 1
75 6.86436e-018 4.92973e-019 1
76 7.00666e-018 5.38713e-019 1
77 6.91179e-018 5.38713e-019 1
78 7.43695e-018 5.75982e-019 1
79 7.81642e-018 5.67512e-019 1
80 7.5081e-018 5.26854e-019 1
81 7.5657e-018 5.31937e-019 1
82 7.21333e-018 5.82759e-019 1
83 7.20317e-018 6.43745e-019 1
84 7.48099e-018 6.69156e-019 1
85 7.32175e-018 6.99649e-019 1
86 6.67801e-018 6.89485e-019 1
87 6.51199e-018 7.11508e-019 1
88 6.05798e-018 6.72544e-019 1
89 5.97328e-018 6.99649e-019 1
90 5.93601e-018 6.84403e-019 1
91 5.79032e-018 7.06425e-019 1
92 5.83436e-018 7.01343e-019 1
93 5.39729e-018 7.18284e-019 1
94 5.10591e-018 7.1659e-019 1
95 4.59431e-018 7.04731e-019 1
96 4.29954e-018 6.99649e-019 1
97 3.87263e-018 6.52215e-019 1
98 3.44573e-018 6.36969e-019 1
99 3.66596e-018 6.52215e-019 1
100 3.60836e-018 6.84403e-019 1
