1 2.0578e-007 8.47623e-010 0.995134
2 7.72878e-007 1.69531e-009 0.980619
3 1.55189e-006 2.54314e-009 0.957129
4 2.32746e-006 3.39116e-009 0.927066
5 2.87766e-006 4.23944e-009 0.89588
6 3.04059e-006 5.08799e-009 0.872112
7 2.76323e-006 5.93669e-009 0.864263
8 2.11787e-006 6.78533e-009 0.875562
9 1.28316e-006 7.63371e-009 0.902029
10 4.95572e-007 8.48179e-009 0.935958
11 1.67304e-008 9.32963e-009 0.970202
12 1.01258e-007 1.01773e-008 0.999826
13 2.69584e-007 1.1025e-008 1.02179
14 9.87455e-007 1.18727e-008 1.03415
15 1.84739e-006 1.27204e-008 1.03549
16 2.61694e-006 1.35683e-008 1.025
17 3.09447e-006 1.44164e-008 1.0033
18 3.15028e-006 1.52646e-008 0.974036
19 2.75989e-006 1.61129e-008 0.944522
20 2.01732e-006 1.69613e-008 0.924086
21 1.11544e-006 1.78098e-008 0.919933
22 2.96454e-007 1.86582e-008 0.933628
23 2.12846e-007 1.95064e-008 0.961224
24 2.63116e-007 2.03543e-008 0.996179
25 1.74274e-007 2.12021e-008 1.03197
26 9.92989e-007 2.20498e-008 1.06319
27 1.97097e-006 2.28977e-008 1.08574
28 2.82802e-006 2.37456e-008 1.09671
29 3.31929e-006 2.45935e-008 1.09443
30 3.3188e-006 2.54416e-008 1.0788
31 2.83976e-006 2.62897e-008 1.05235
32 2.01253e-006 2.71378e-008 1.02083
33 1.05078e-006 2.7986e-008 0.992281
34 2.02882e-007 2.88342e-008 0.974609
35 3.09266e-007 2.96825e-008 0.972807
36 3.48061e-007 3.05307e-008 0.987361
37 1.02835e-007 3.13788e-008 1.0146
38 9.33035e-007 3.22268e-008 1.04833
39 1.93163e-006 3.30747e-008 1.08165
40 2.83593e-006 3.39226e-008 1.10833
41 3.39281e-006 3.47706e-008 1.1238
42 3.43295e-006 3.56187e-008 1.12564
43 2.94286e-006 3.64667e-008 1.11355
44 2.07299e-006 3.73147e-008 1.08939
45 1.07106e-006 3.81626e-008 1.05735
46 2.03648e-007 3.90106e-008 1.02358
47 3.07654e-007 3.98587e-008 0.995105
48 3.3689e-007 4.07068e-008 0.978417
49 1.16744e-007 4.15551e-008 0.977656
50 9.30186e-007 4.24034e-008 0.993031
51 1.88986e-006 4.32515e-008 1.02035
52 2.74786e-006 4.40996e-008 1.05226
53 3.28383e-006 4.49477e-008 1.08071
54 3.35518e-006 4.57958e-008 1.09935
55 2.93098e-006 4.66438e-008 1.10489
56 2.11567e-006 4.74917e-008 1.09682
57 1.13993e-006 4.83396e-008 1.07649
58 2.85649e-007 4.91874e-008 1.04666
59 2.11918e-007 5.00351e-008 1.0114
60 2.2854e-007 5.08831e-008 0.976051
61 2.25087e-007 5.17312e-008 0.947007
62 1.01371e-006 5.25795e-008 0.93081
63 1.91761e-006 5.34279e-008 0.9319
64 2.69313e-006 5.42764e-008 0.949802
65 3.13811e-006 5.51247e-008 0.978338
66 3.14416e-006 5.59729e-008 1.00836
67 2.72044e-006 5.6821e-008 1.03186
68 1.98375e-006 5.76689e-008 1.04434
69 1.12672e-006 5.85168e-008 1.04461
70 3.79097e-007 5.93645e-008 1.03335
71 4.63707e-008 6.02121e-008 1.01202
72 2.43285e-008 6.10598e-008 0.982659
73 4.36702e-007 6.19076e-008 0.948281
74 1.19884e-006 6.27556e-008 0.913551
75 2.04046e-006 6.36039e-008 0.885197
76 2.72242e-006 6.44525e-008 0.870853
77 3.0555e-006 6.53012e-008 0.87533
78 2.95194e-006 6.61498e-008 0.896697
79 2.44843e-006 6.69981e-008 0.927
80 1.69425e-006 6.78462e-008 0.957226
81 9.06129e-007 6.86941e-008 0.981176
82 3.03018e-007 6.95418e-008 0.996002
83 4.49208e-008 7.03895e-008 1.00097
84 1.97789e-007 7.12371e-008 0.996152
85 7.23644e-007 7.20848e-008 0.98182
86 1.48488e-006 7.29325e-008 0.958665
87 2.27191e-006 7.37805e-008 0.928769
88 2.86008e-006 7.46287e-008 0.896896
89 3.07694e-006 7.54772e-008 0.870971
90 2.85434e-006 7.63259e-008 0.859759
91 2.24915e-006 7.71746e-008 0.867734
92 1.42832e-006 7.80231e-008 0.891988
93 6.23607e-007 7.88712e-008 0.924913
94 6.71185e-008 7.97191e-008 0.958926
95 7.63999e-008 8.05669e-008 0.988735
96 2.38309e-007 8.14145e-008 1.0112
97 9.20177e-007 8.22622e-008 1.02446
98 1.77396e-006 8.31099e-008 1.02721
99 2.56691e-006 8.39577e-008 1.01856
100 3.09035e-006 8.48057e-008 0.998728
101 3.20338e-006 8.56539e-008 0.970498
102 2.86728e-006 8.65022e-008 0.940328
103 2.16169e-006 8.73506e-008 0.917418
104 1.26895e-006 8.81992e-008 0.909899
105 4.2774e-007 8.90476e-008 0.920608
106 1.30544e-007 8.98958e-008 0.946328
107 2.44648e-007 9.07438e-008 0.980583
108 1.30663e-007 9.15916e-008 1.01669
109 9.06831e-007 9.24394e-008 1.04912
110 1.87649e-006 9.32871e-008 1.07372
111 2.76453e-006 9.4135e-008 1.08748
112 3.31565e-006 9.49829e-008 1.08847
113 3.38339e-006 9.5831e-008 1.07611
114 2.96268e-006 9.66791e-008 1.05208
115 2.17119e-006 9.75272e-008 1.02135
116 1.2148e-006 9.83754e-008 0.991706
117 3.40411e-007 9.92237e-008 0.971517
118 2.24077e-007 1.00072e-007 0.966688
119 3.28527e-007 1.0092e-007 0.97859
120 5.94663e-008 1.01768e-007 1.00414
121 8.45205e-007 1.02616e-007 1.03746
122 1.82972e-006 1.03464e-007 1.07178
123 2.75652e-006 1.04312e-007 1.10081
124 3.37068e-006 1.0516e-007 1.11967
125 3.48802e-006 1.06008e-007 1.12541
126 3.06856e-006 1.06856e-007 1.11711
127 2.24072e-006 1.07704e-007 1.09598
128 1.24421e-006 1.08552e-007 1.06567
129 3.47783e-007 1.094e-007 1.03206
130 2.18149e-007 1.10248e-007 1.00228
131 3.13737e-007 1.11096e-007 0.983147
132 7.81404e-008 1.11945e-007 0.979363
133 8.4933e-007 1.12793e-007 0.991921
134 1.79611e-006 1.13641e-007 1.01749
135 2.67326e-006 1.14489e-007 1.04936
136 3.25625e-006 1.15337e-007 1.07961
137 3.3931e-006 1.16185e-007 1.1014
138 3.03777e-006 1.17033e-007 1.11062
139 2.27314e-006 1.17881e-007 1.10604
140 1.31137e-006 1.18729e-007 1.08858
141 4.31605e-007 1.19577e-007 1.0607
142 1.19923e-007 1.20425e-007 1.02633
143 2.02146e-007 1.21273e-007 0.990702
144 1.91899e-007 1.22121e-007 0.960104
145 9.41774e-007 1.22969e-007 0.941094
146 1.83658e-006 1.23817e-007 0.93861
147 2.63359e-006 1.24666e-007 0.953322
148 3.12378e-006 1.25514e-007 0.980293
149 3.18642e-006 1.26362e-007 1.01084
150 2.81666e-006 1.2721e-007 1.0364
151 2.1189e-006 1.28058e-007 1.05151
152 1.27571e-006 1.28906e-007 1.0542
153 5.10421e-007 1.29754e-007 1.04483
154 3.88643e-008 1.30602e-007 1.02484
155 8.28006e-010 1.31449e-007 0.996292
156 4.0678e-007 1.32297e-007 0.96212
157 1.13484e-006 1.33145e-007 0.926724
158 1.97209e-006 1.33993e-007 0.896397
159 2.67934e-006 1.34842e-007 0.878627
160 3.05924e-006 1.3569e-007 0.879032
161 3.01036e-006 1.36539e-007 0.897234
162 2.55392e-006 1.37387e-007 0.926255
163 1.82618e-006 1.38236e-007 0.956792
164 1.03721e-006 1.39084e-007 0.981757
165 4.07479e-007 1.39931e-007 0.99761
166 1.05064e-007 1.40779e-007 1.00337
167 2.0722e-007 1.41627e-007 0.999174
168 6.88826e-007 1.42474e-007 0.985456
169 1.42501e-006 1.43322e-007 0.962945
170 2.21449e-006 1.4417e-007 0.933445
171 2.83269e-006 1.45018e-007 0.901046
172 3.09875e-006 1.45867e-007 0.872927
173 2.93045e-006 1.46715e-007 0.857896
174 2.36911e-006 1.47564e-007 0.861729
175 1.56889e-006 1.48412e-007 0.883015
176 7.54857e-007 1.49261e-007 0.914576
177 1.60813e-007 1.50109e-007 0.948377
178 3.81373e-008 1.50956e-007 0.978587
179 2.20001e-007 1.51804e-007 1.00181
180 8.61805e-007 1.52652e-007 1.01617
181 1.70316e-006 1.53499e-007 1.02046
182 2.51259e-006 1.54347e-007 1.0138
183 3.07605e-006 1.55195e-007 0.996076
184 3.24312e-006 1.56043e-007 0.969248
185 2.96197e-006 1.56892e-007 0.93875
186 2.2978e-006 1.5774e-007 0.913322
187 1.42125e-006 1.58589e-007 0.901854
188 5.65496e-007 1.59437e-007 0.908709
189 3.56517e-008 1.60285e-007 0.931791
190 2.10913e-007 1.61133e-007 0.964874
191 1.0052e-007 1.61981e-007 1.00106
192 8.27996e-007 1.62829e-007 1.03462
193 1.78037e-006 1.63677e-007 1.06123
194 2.69082e-006 1.64524e-007 1.07781
195 3.297e-006 1.65372e-007 1.08223
196 3.43275e-006 1.6622e-007 1.07345
197 3.07366e-006 1.67068e-007 1.05236
198 2.32385e-006 1.67917e-007 1.02294
199 1.3805e-006 1.68765e-007 0.992429
200 4.87341e-007 1.69613e-007 0.969474
201 1.23717e-007 1.70461e-007 0.960974
202 2.91701e-007 1.7131e-007 0.96945
203 3.10447e-008 1.72158e-007 0.99263
204 7.65795e-007 1.73006e-007 1.02503
205 1.72678e-006 1.73854e-007 1.06001
206 2.66574e-006 1.74702e-007 1.0912
207 3.32908e-006 1.7555e-007 1.11345
208 3.52185e-006 1.76398e-007 1.1233
209 3.17864e-006 1.77246e-007 1.11922
210 2.40223e-006 1.78094e-007 1.10172
211 1.4209e-006 1.78942e-007 1.07371
212 5.03835e-007 1.7979e-007 1.04063
213 1.11114e-007 1.80638e-007 1.00955
214 2.71435e-007 1.81486e-007 0.987657
215 5.57822e-008 1.82334e-007 0.980305
216 7.77822e-007 1.83182e-007 0.98939
217 1.7023e-006 1.8403e-007 1.01254
218 2.58873e-006 1.84879e-007 1.04381
219 3.21052e-006 1.85727e-007 1.07551
220 3.40842e-006 1.86575e-007 1.10044
221 3.12394e-006 1.87423e-007 1.11368
222 2.41936e-006 1.88271e-007 1.11318
223 1.48446e-006 1.89119e-007 1.09924
224 5.90267e-007 1.89966e-007 1.07395
225 8.59072e-009 1.90814e-007 1.04093
226 1.54845e-007 1.91662e-007 1.00526
227 1.76281e-007 1.9251e-007 0.973098
228 8.80112e-007 1.93358e-007 0.95103
229 1.7563e-006 1.94207e-007 0.94448
230 2.56522e-006 1.95055e-007 0.955286
231 3.09313e-006 1.95903e-007 0.979934
232 3.20856e-006 1.96752e-007 1.01052
233 2.89347e-006 1.976e-007 1.03816
234 2.24026e-006 1.98448e-007 1.05637
235 1.42114e-006 1.99296e-007 1.06222
236 6.50365e-007 2.00144e-007 1.05555
237 1.42068e-007 2.00991e-007 1.03763
238 4.73151e-008 2.01839e-007 1.01048
239 3.95436e-007 2.02687e-007 0.976934
240 1.08212e-006 2.03535e-007 0.941115
241 1.90547e-006 2.04383e-007 0.908866
242 2.62868e-006 2.05231e-007 0.887439
243 3.04844e-006 2.0608e-007 0.883143
244 3.05115e-006 2.06928e-007 0.897299
245 2.6431e-006 2.07777e-007 0.924371
246 1.94697e-006 2.08625e-007 0.955115
247 1.16484e-006 2.09473e-007 0.981508
248 5.16951e-007 2.10321e-007 0.999076
249 1.77671e-007 2.11169e-007 1.00636
250 2.33481e-007 2.12016e-007 1.00343
251 6.70265e-007 2.12864e-007 0.990849
252 1.37584e-006 2.13712e-007 0.969379
253 2.15924e-006 2.14559e-007 0.940597
254 2.79884e-006 2.15408e-007 0.907955
255 3.10789e-006 2.16256e-007 0.877786
256 2.99157e-006 2.17104e-007 0.858672
257 2.47605e-006 2.17953e-007 0.857581
258 1.70195e-006 2.18802e-007 0.874989
259 8.8606e-007 2.1965e-007 0.90463
260 2.61659e-007 2.20498e-007 0.938131
261 1.20687e-008 2.21346e-007 0.968956
262 2.14678e-007 2.22194e-007 0.993246
263 8.13717e-007 2.23041e-007 1.00899
264 1.63742e-006 2.23889e-007 1.01505
265 2.45697e-006 2.24737e-007 1.01057
266 3.0542e-006 2.25585e-007 0.995219
267 3.2709e-006 2.26433e-007 0.97022
268 3.04367e-006 2.27281e-007 0.93989
269 2.4238e-006 2.28129e-007 0.91216
270 1.56949e-006 2.28978e-007 0.896357
271 7.06731e-007 2.29826e-007 0.898487
272 6.96309e-008 2.30675e-007 0.918022
273 1.62593e-007 2.31523e-007 0.949306
274 8.49572e-008 2.32371e-007 0.985262
275 7.59087e-007 2.33219e-007 1.01981
276 1.6858e-006 2.34066e-007 1.04842
277 2.60939e-006 2.34914e-007 1.06784
278 3.26446e-006 2.35762e-007 1.07579
279 3.46679e-006 2.3661e-007 1.07089
280 3.17147e-006 2.37458e-007 1.05326
281 2.46823e-006 2.38306e-007 1.02582
282 1.54492e-006 2.39154e-007 0.994923
283 6.40828e-007 2.40003e-007 0.969204
284 1.00768e-008 2.40851e-007 0.956507
285 2.37855e-007 2.41699e-007 0.960735
286 1.91775e-008 2.42547e-007 0.980727
287 6.98051e-007 2.43395e-007 1.01156
288 1.62697e-006 2.44243e-007 1.04673
289 2.56751e-006 2.45091e-007 1.07979
290 3.27008e-006 2.45939e-007 1.10532
291 3.53347e-006 2.46787e-007 1.11941
292 3.2699e-006 2.47635e-007 1.11991
293 2.55373e-006 2.48483e-007 1.10662
294 1.5975e-006 2.49331e-007 1.0816
295 6.68818e-007 2.50179e-007 1.0496
296 1.16983e-008 2.51027e-007 1.01747
297 2.09991e-007 2.51875e-007 0.992663
298 5.15707e-008 2.52724e-007 0.98126
299 7.19168e-007 2.53572e-007 0.986175
300 1.61285e-006 2.5442e-007 1.00614
301 2.49865e-006 2.55268e-007 1.03607
302 3.14986e-006 2.56116e-007 1.06868
303 3.40197e-006 2.56964e-007 1.09655
304 3.18687e-006 2.57812e-007 1.11398
305 2.54901e-006 2.5866e-007 1.11803
306 1.65366e-006 2.59508e-007 1.10827
307 7.57567e-007 2.60356e-007 1.08624
308 1.19998e-007 2.61204e-007 1.05516
309 8.66077e-008 2.62052e-007 1.01984
310 1.80281e-007 2.629e-007 0.986267
311 8.32351e-007 2.63748e-007 0.961032
312 1.6812e-006 2.64596e-007 0.950011
313 2.49234e-006 2.65445e-007 0.956184
314 3.04945e-006 2.66293e-007 0.977602
315 3.21204e-006 2.67141e-007 1.00747
316 2.95e-006 2.67989e-007 1.03691
317 2.34431e-006 2.68837e-007 1.05847
318 1.5574e-006 2.69685e-007 1.06809
319 7.93275e-007 2.70533e-007 1.06487
320 2.59692e-007 2.71381e-007 1.04976
321 1.14442e-007 2.72229e-007 1.02466
322 4.045e-007 2.73076e-007 0.992262
323 1.04427e-006 2.73924e-007 0.956389
324 1.84496e-006 2.74772e-007 0.922431
325 2.57457e-006 2.75621e-007 0.897306
326 3.02613e-006 2.76469e-007 0.887815
327 3.07563e-006 2.77318e-007 0.896986
328 2.71532e-006 2.78166e-007 0.921165
329 2.05425e-006 2.79015e-007 0.951672
330 1.28536e-006 2.79863e-007 0.979677
331 6.272e-007 2.80711e-007 0.999551
332 2.58956e-007 2.81558e-007 1.00909
333 2.74577e-007 2.82406e-007 1.00813
334 6.68585e-007 2.83254e-007 0.997268
335 1.34025e-006 2.84101e-007 0.977319
336 2.11016e-006 2.84949e-007 0.949671
337 2.76239e-006 2.85797e-007 0.917192
338 3.10705e-006 2.86645e-007 0.885316
339 3.0387e-006 2.87494e-007 0.862107
340 2.56912e-006 2.88343e-007 0.855441
341 1.82519e-006 2.89191e-007 0.867927
342 1.01414e-006 2.9004e-007 0.894831
343 3.66705e-007 2.90888e-007 0.927742
344 7.21535e-008 2.91736e-007 0.959315
345 2.2155e-007 2.92583e-007 0.985004
346 7.76416e-007 2.93431e-007 1.0025
347 1.5784e-006 2.94279e-007 1.01061
348 2.40264e-006 2.95126e-007 1.00857
349 3.02767e-006 2.95974e-007 0.995883
350 3.28884e-006 2.96822e-007 0.973183
351 3.11299e-006 2.9767e-007 0.943656
352 2.53863e-006 2.98519e-007 0.914128
353 1.71131e-006 2.99367e-007 0.893899
354 8.48543e-007 3.00216e-007 0.890518
355 1.82762e-007 3.01064e-007 0.905461
356 1.01026e-007 3.01913e-007 0.934115
357 8.43502e-008 3.02761e-007 0.969368
358 7.02146e-007 3.03608e-007 1.00471
359 1.59577e-006 3.04456e-007 1.03526
360 2.52294e-006 3.05304e-007 1.05756
361 3.21945e-006 3.06152e-007 1.06913
362 3.4857e-006 3.06999e-007 1.06834
363 3.25541e-006 3.07848e-007 1.05469
364 2.60263e-006 3.08696e-007 1.02999
365 1.70549e-006 3.09544e-007 0.999457
366 7.98008e-007 3.10392e-007 0.971299
367 1.14539e-007 3.1124e-007 0.954093
368 1.67955e-007 3.12089e-007 0.95327
369 2.4701e-008 3.12937e-007 0.969127
370 6.44609e-007 3.13785e-007 0.997561
371 1.53425e-006 3.14633e-007 1.0323
372 2.4661e-006 3.15481e-007 1.06683
373 3.19675e-006 3.16329e-007 1.09544
374 3.52301e-006 3.17177e-007 1.11378
375 3.33958e-006 3.18025e-007 1.11914
376 2.69141e-006 3.18873e-007 1.11059
377 1.77032e-006 3.19721e-007 1.08931
378 8.39516e-007 3.20569e-007 1.05915
379 1.48026e-007 3.21417e-007 1.02647
380 1.30143e-007 3.22265e-007 0.998837
381 6.66367e-008 3.23113e-007 0.98303
382 6.76286e-007 3.23961e-007 0.983082
383 1.53193e-006 3.2481e-007 0.998978
384 2.4076e-006 3.25658e-007 1.02669
385 3.07826e-006 3.26506e-007 1.05948
386 3.37593e-006 3.27354e-007 1.08985
387 3.22543e-006 3.28202e-007 1.11146
388 2.65735e-006 3.2905e-007 1.1204
389 1.81292e-006 3.29898e-007 1.11541
390 9.28623e-007 3.30746e-007 1.09736
391 2.62929e-007 3.31594e-007 1.06894
392 1.75053e-009 3.32441e-007 1.03453
393 2.05167e-007 3.33289e-007 0.999891
394 8.01573e-007 3.34137e-007 0.971565
395 1.61556e-006 3.34986e-007 0.955801
396 2.41953e-006 3.35834e-007 0.956654
397 2.99666e-006 3.36682e-007 0.973829
398 3.19938e-006 3.37531e-007 1.00197
399 2.98664e-006 3.38379e-007 1.03258
400 2.42874e-006 3.39227e-007 1.05746
401 1.67938e-006 3.40075e-007 1.0713
402 9.32781e-007 3.40923e-007 1.07223
403 3.86818e-007 3.41771e-007 1.06068
404 2.00197e-007 3.42618e-007 1.03834
405 4.34805e-007 3.43466e-007 1.00769
406 1.02428e-006 3.44314e-007 0.972265
407 1.7948e-006 3.45162e-007 0.936986
408 2.52148e-006 3.4601e-007 0.908338
409 2.99604e-006 3.46859e-007 0.893368
410 3.08605e-006 3.47707e-007 0.89665
411 2.771e-006 3.48556e-007 0.916751
412 2.14655e-006 3.49404e-007 0.946192
413 1.39575e-006 3.50252e-007 0.975658
414 7.34085e-007 3.511e-007 0.998252
415 3.44459e-007 3.51948e-007 1.01073
416 3.27144e-007 3.52796e-007 1.01246
417 6.82933e-007 3.53643e-007 1.00396
418 1.32012e-006 3.54491e-007 0.986088
419 2.07094e-006 3.55339e-007 0.960079
420 2.72749e-006 3.56187e-007 0.928287
421 3.09968e-006 3.57035e-007 0.895244
422 3.07378e-006 3.57883e-007 0.868228
423 2.6485e-006 3.58732e-007 0.855584
424 1.9371e-006 3.59581e-007 0.862065
425 1.13644e-006 3.60429e-007 0.885112
426 4.72988e-007 3.61277e-007 0.916835
427 1.3967e-007 3.62125e-007 0.949116
428 2.39192e-007 3.62973e-007 0.97649
429 7.49589e-007 3.63821e-007 0.996112
430 1.52689e-006 3.64668e-007 1.00665
431 2.35153e-006 3.65516e-007 1.00735
432 2.99918e-006 3.66364e-007 0.997666
433 3.2995e-006 3.67212e-007 0.977762
434 3.17138e-006 3.6806e-007 0.949783
435 2.64212e-006 3.68908e-007 0.919239
436 1.84504e-006 3.69757e-007 0.894878
437 9.88337e-007 3.70605e-007 0.885422
438 3.01069e-007 3.71454e-007 0.89465
439 2.80507e-008 3.72302e-007 0.919603
440 9.83855e-008 3.7315e-007 0.95346
441 6.58604e-007 3.73998e-007 0.989275
442 1.51301e-006 3.74846e-007 1.02166
443 2.43427e-006 3.75694e-007 1.04683
444 3.16356e-006 3.76541e-007 1.06212
445 3.48983e-006 3.77389e-007 1.06565
446 3.32507e-006 3.78237e-007 1.05644
447 2.72585e-006 3.79085e-007 1.03527
448 1.8601e-006 3.79933e-007 1.00607
449 9.56185e-007 3.80782e-007 0.976164
450 2.47598e-007 3.8163e-007 0.954471
451 8.35368e-008 3.82478e-007 0.947921
452 4.77038e-008 3.83327e-007 0.958605
453 6.07414e-007 3.84175e-007 0.983621
454 1.45215e-006 3.85023e-007 1.01712
455 2.36593e-006 3.85871e-007 1.05254
456 3.11299e-006 3.86718e-007 1.0839
457 3.4918e-006 3.87566e-007 1.10641
458 3.38553e-006 3.88414e-007 1.11679
459 2.81143e-006 3.89262e-007 1.11345
460 1.93553e-006 3.9011e-007 1.09666
461 1.01255e-006 3.90958e-007 1.06926
462 2.95224e-007 3.91806e-007 1.03682
463 3.3274e-008 3.92655e-007 1.00674
464 1.01338e-007 3.93503e-007 0.986401
465 6.51399e-007 3.94351e-007 0.980974
466 1.46331e-006 3.95199e-007 0.991863
467 2.32021e-006 3.96047e-007 1.0163
468 3.00029e-006 3.96895e-007 1.0483
469 3.33367e-006 3.97743e-007 1.08051
470 3.24015e-006 3.98591e-007 1.10606
471 2.74072e-006 3.99439e-007 1.12009
472 1.95596e-006 4.00288e-007 1.12037
473 1.09766e-006 4.01135e-007 1.10702
474 4.16392e-007 4.01983e-007 1.08206
475 1.08549e-007 4.02831e-007 1.04931
476 2.51373e-007 4.03679e-007 1.01418
477 7.90176e-007 4.04527e-007 0.983064
478 1.56329e-006 4.05375e-007 0.96248
479 2.35141e-006 4.06224e-007 0.957441
480 2.93924e-006 4.07072e-007 0.969319
481 3.17397e-006 4.0792e-007 0.99449
482 3.00502e-006 4.08768e-007 1.0253
483 2.49269e-006 4.09617e-007 1.05313
484 1.78301e-006 4.10465e-007 1.07142
485 1.06232e-006 4.11313e-007 1.07708
486 5.17189e-007 4.12161e-007 1.06983
487 3.01043e-007 4.13008e-007 1.05098
488 4.85972e-007 4.13856e-007 1.02279
489 1.02434e-006 4.14704e-007 0.98846
490 1.75885e-006 4.15552e-007 0.952429
491 2.47398e-006 4.164e-007 0.920674
492 2.96246e-006 4.17248e-007 0.900217
493 3.08558e-006 4.18097e-007 0.896866
494 2.81159e-006 4.18945e-007 0.911559
495 2.22342e-006 4.19794e-007 0.938695
496 1.49382e-006 4.20642e-007 0.969049
497 8.33985e-007 4.2149e-007 0.994499
498 4.29546e-007 4.22338e-007 1.01048
499 3.86686e-007 4.23186e-007 1.01561
500 7.10806e-007 4.24033e-007 1.01017
501 1.31598e-006 4.24881e-007 0.994984
502 2.04458e-006 4.25729e-007 0.971198
503 2.69829e-006 4.26576e-007 0.940726
504 3.08975e-006 4.27424e-007 0.907236
505 3.09965e-006 4.28273e-007 0.877023
506 2.71533e-006 4.29121e-007 0.858374
507 2.03706e-006 4.2997e-007 0.85788
508 1.25094e-006 4.30819e-007 0.875686
509 5.77772e-007 4.31667e-007 0.90522
510 2.12023e-007 4.32515e-007 0.937872
511 2.65768e-007 4.33363e-007 0.967085
512 7.32301e-007 4.34211e-007 0.989211
513 1.48277e-006 4.35058e-007 1.00258
514 2.30458e-006 4.35906e-007 1.00638
515 2.97092e-006 4.36754e-007 1.00007
516 3.3056e-006 4.37602e-007 0.983471
517 3.22092e-006 4.3845e-007 0.957843
518 2.73494e-006 4.39298e-007 0.927301
519 1.96978e-006 4.40146e-007 0.899539
520 1.12401e-006 4.40995e-007 0.883837
521 4.21971e-007 4.41843e-007 0.88628
522 5.41715e-008 4.42692e-007 0.90622
523 1.26152e-007 4.4354e-007 0.937695
524 6.29276e-007 4.44388e-007 0.973438
525 1.43991e-006 4.45236e-007 1.00745
526 2.34631e-006 4.46083e-007 1.03546
527 3.09864e-006 4.46931e-007 1.05452
528 3.47951e-006 4.47779e-007 1.06254
529 3.3801e-006 4.48627e-007 1.05816
530 2.83706e-006 4.49475e-007 1.04131
531 2.00712e-006 4.50323e-007 1.01454
532 1.11298e-006 4.51171e-007 0.983951
533 3.86531e-007 4.52019e-007 0.958235
534 1.3448e-008 4.52868e-007 0.945559
535 8.75979e-008 4.53716e-007 0.950035
536 5.8768e-007 4.54564e-007 0.970429
537 1.3837e-006 4.55412e-007 1.00165
538 2.27136e-006 4.5626e-007 1.03719
539 3.0234e-006 4.57108e-007 1.07079
540 3.44258e-006 4.57956e-007 1.09725
541 3.40663e-006 4.58804e-007 1.11271
542 2.90991e-006 4.59652e-007 1.11493
543 2.08899e-006 4.605e-007 1.10335
544 1.18435e-006 4.61348e-007 1.07971
545 4.50364e-007 4.62196e-007 1.04854
546 7.8706e-008 4.63044e-007 1.01677
547 1.55305e-007 4.63892e-007 0.992074
548 6.45982e-007 4.64741e-007 0.980735
549 1.4102e-006 4.65589e-007 0.985686
550 2.24089e-006 4.66437e-007 1.00565
551 2.92082e-006 4.67285e-007 1.0357
552 3.27953e-006 4.68133e-007 1.06882
553 3.23334e-006 4.68981e-007 1.09779
554 2.79723e-006 4.69829e-007 1.11689
555 2.07672e-006 4.70677e-007 1.12284
556 1.25798e-006 4.71525e-007 1.11486
557 5.75529e-007 4.72373e-007 1.09421
558 2.31188e-007 4.73221e-007 1.06403
559 3.18465e-007 4.74069e-007 1.0292
560 7.99786e-007 4.74917e-007 0.995865
561 1.52774e-006 4.75765e-007 0.970649
562 2.29249e-006 4.76613e-007 0.959346
563 2.88191e-006 4.77462e-007 0.964924
564 3.13992e-006 4.7831e-007 0.985717
565 3.00789e-006 4.79158e-007 1.01541
566 2.53684e-006 4.80006e-007 1.0454
567 1.8659e-006 4.80854e-007 1.06806
568 1.17592e-006 4.81702e-007 1.0789
569 6.43489e-007 4.8255e-007 1.07663
570 4.11725e-007 4.83398e-007 1.06206
571 5.56139e-007 4.84246e-007 1.03711
572 1.04558e-006 4.85094e-007 1.00463
573 1.74041e-006 4.85941e-007 0.968598
574 2.43652e-006 4.86789e-007 0.934402
575 2.93002e-006 4.87638e-007 0.908779
576 3.07807e-006 4.88486e-007 0.898349
577 2.8395e-006 4.89335e-007 0.906313
578 2.28549e-006 4.90183e-007 0.929547
579 1.57842e-006 4.91032e-007 0.959707
580 9.2415e-007 4.9188e-007 0.987757
581 5.09993e-007 4.92728e-007 1.00762
582 4.48093e-007 4.93575e-007 1.0168
583 7.48072e-007 4.94423e-007 1.01511
584 1.32659e-006 4.95271e-007 1.00329
585 2.03293e-006 4.96118e-007 0.982373
586 2.67856e-006 4.96966e-007 0.953939
587 3.08151e-006 4.97814e-007 0.920873
588 3.11983e-006 4.98662e-007 0.88838
589 2.7717e-006 4.99511e-007 0.864169
590 2.12541e-006 5.0036e-007 0.856063
591 1.35636e-006 5.01208e-007 0.867114
592 6.78755e-007 5.02057e-007 0.893006
593 2.86699e-007 5.02905e-007 0.925263
594 2.99271e-007 5.03753e-007 0.956215
595 7.23275e-007 5.04601e-007 0.98113
596 1.44525e-006 5.05448e-007 0.997739
597 2.26168e-006 5.06296e-007 1.00505
598 2.94408e-006 5.07144e-007 1.0025
599 3.30955e-006 5.07991e-007 0.989729
600 3.26411e-006 5.08839e-007 0.967271
601 2.81856e-006 5.09687e-007 0.93791
602 2.08548e-006 5.10536e-007 0.907911
603 1.25411e-006 5.11384e-007 0.886344
604 5.43183e-007 5.12233e-007 0.8812
605 1.43354e-007 5.13081e-007 0.894657
606 1.66268e-007 5.1393e-007 0.922409
607 6.1438e-007 5.14778e-007 0.957228
608 1.37845e-006 5.15626e-007 0.992453
609 2.26204e-006 5.16473e-007 1.02318
610 3.02698e-006 5.17321e-007 1.04604
611 3.45509e-006 5.18169e-007 1.05868
612 3.41983e-006 5.19017e-007 1.05944
613 2.9355e-006 5.19865e-007 1.0476
614 2.14536e-006 5.20713e-007 1.02443
615 1.26645e-006 5.21561e-007 0.994515
616 5.28905e-007 5.22409e-007 0.965745
617 1.20808e-007 5.23257e-007 0.946997
618 1.43231e-007 5.24106e-007 0.944395
619 5.85895e-007 5.24954e-007 0.958833
620 1.33127e-006 5.25802e-007 0.986469
621 2.18644e-006 5.2665e-007 1.02109
622 2.93297e-006 5.27498e-007 1.05624
623 3.37943e-006 5.28346e-007 1.08624
624 3.40327e-006 5.29194e-007 1.10669
625 2.98325e-006 5.30042e-007 1.1147
626 2.22607e-006 5.3089e-007 1.10893
627 1.35096e-006 5.31738e-007 1.09006
628 6.10259e-007 5.32586e-007 1.0614
629 2.03466e-007 5.33434e-007 1.02902
630 2.27513e-007 5.34282e-007 1.00058
631 6.6075e-007 5.3513e-007 0.983215
632 1.37514e-006 5.35979e-007 0.98142
633 2.1737e-006 5.36827e-007 0.995657
634 2.84477e-006 5.37675e-007 1.02235
635 3.21853e-006 5.38523e-007 1.05515
636 3.20884e-006 5.39371e-007 1.08674
637 2.82723e-006 5.40219e-007 1.11062
638 2.1703e-006 5.41067e-007 1.12245
639 1.4021e-006 5.41915e-007 1.12041
640 7.34196e-007 5.42763e-007 1.10492
641 3.66e-007 5.43611e-007 1.07833
642 4.0509e-007 5.44459e-007 1.04483
643 8.31189e-007 5.45307e-007 1.01013
644 1.51164e-006 5.46155e-007 0.980793
645 2.2469e-006 5.47003e-007 0.963156
646 2.82948e-006 5.47851e-007 0.961607
647 3.10184e-006 5.487e-007 0.976549
648 2.99891e-006 5.49548e-007 1.00348
649 2.56326e-006 5.50396e-007 1.03441
650 1.92753e-006 5.51244e-007 1.06097
651 1.26908e-006 5.52092e-007 1.07718
652 7.58025e-007 5.5294e-007 1.08049
653 5.25189e-007 5.53788e-007 1.07095
654 6.41613e-007 5.54636e-007 1.05008
655 1.08783e-006 5.55483e-007 1.02034
656 1.74193e-006 5.56331e-007 0.985217
657 2.41321e-006 5.57179e-007 0.949487
658 2.90345e-006 5.58027e-007 0.919384
659 3.06795e-006 5.58876e-007 0.901853
660 2.85802e-006 5.59724e-007 0.90198
661 2.33441e-006 5.60573e-007 0.919485
662 1.64946e-006 5.61421e-007 0.947833
663 1.0029e-006 5.62269e-007 0.977703
664 5.8251e-007 5.63117e-007 1.0015
665 5.06386e-007 5.63965e-007 1.01526
666 7.89328e-007 5.64813e-007 1.01801
667 1.3487e-006 5.65661e-007 1.01024
668 2.03622e-006 5.66508e-007 0.992904
669 2.67131e-006 5.67356e-007 0.967291
670 3.07919e-006 5.68204e-007 0.93563
671 3.13839e-006 5.69052e-007 0.90203
672 2.82052e-006 5.699e-007 0.873207
673 2.20348e-006 5.70749e-007 0.857409
674 1.45234e-006 5.71598e-007 0.860317
675 7.74253e-007 5.72446e-007 0.880716
676 3.61456e-007 5.73295e-007 0.911259
677 3.37731e-007 5.74143e-007 0.943449
678 7.21184e-007 5.7499e-007 0.971239
679 1.41331e-006 5.75838e-007 0.991449
680 2.22183e-006 5.76686e-007 1.0027
681 2.91857e-006 5.77534e-007 1.00433
682 3.31288e-006 5.78381e-007 0.995884
683 3.30342e-006 5.79229e-007 0.977387
684 2.89504e-006 5.80077e-007 0.950454
685 2.1929e-006 5.80925e-007 0.919732
686 1.37793e-006 5.81774e-007 0.89333
687 6.62892e-007 5.82622e-007 0.880342
688 2.37293e-007 5.83471e-007 0.885893
689 2.17037e-007 5.84319e-007 0.908231
690 6.13586e-007 5.85168e-007 0.94086
691 1.33016e-006 5.86015e-007 0.976588
692 2.18453e-006 5.86863e-007 1.00973
693 2.95144e-006 5.87711e-007 1.03633
694 3.41729e-006 5.88559e-007 1.05367
695 3.44319e-006 5.89406e-007 1.05982
696 3.01998e-006 5.90254e-007 1.05355
697 2.27377e-006 5.91102e-007 1.03508
698 1.41503e-006 5.91951e-007 1.00739
699 6.72558e-007 5.92799e-007 0.977029
700 2.36286e-007 5.93647e-007 0.952871
701 2.13032e-007 5.94496e-007 0.942707
702 6.01882e-007 5.95344e-007 0.949869
703 1.29651e-006 5.96192e-007 0.972371
704 2.11471e-006 5.9704e-007 1.00474
705 2.84675e-006 5.97888e-007 1.04042
706 3.30759e-006 5.98736e-007 1.07335
707 3.37787e-006 5.99584e-007 1.09854
708 3.02882e-006 6.00432e-007 1.1124
709 2.34153e-006 6.0128e-007 1.11289
710 1.50773e-006 6.02128e-007 1.09971
711 7.71347e-007 6.02976e-007 1.07488
712 3.3832e-007 6.03824e-007 1.04332
713 3.16387e-007 6.04672e-007 1.01219
714 6.95691e-007 6.0552e-007 0.989131
715 1.35995e-006 6.06368e-007 0.980065
716 2.12216e-006 6.07217e-007 0.987347
717 2.77689e-006 6.08065e-007 1.00911
718 3.156e-006 6.08913e-007 1.04006
719 3.17174e-006 6.09761e-007 1.07309
720 2.83347e-006 6.10609e-007 1.10116
721 2.23401e-006 6.11457e-007 1.11883
722 1.52244e-006 6.12305e-007 1.12316
723 8.84745e-007 6.13153e-007 1.11361
724 5.07946e-007 6.14001e-007 1.09166
725 5.08847e-007 6.14849e-007 1.06069
726 8.84271e-007 6.15697e-007 1.02577
727 1.51692e-006 6.16544e-007 0.993193
728 2.21827e-006 6.17393e-007 0.969553
729 2.78664e-006 6.18241e-007 0.960371
730 3.06466e-006 6.19089e-007 0.968075
731 2.98246e-006 6.19938e-007 0.990373
732 2.57522e-006 6.20786e-007 1.02056
733 1.96929e-006 6.21634e-007 1.05003
734 1.33957e-006 6.22482e-007 1.07147
735 8.53888e-007 6.2333e-007 1.0808
736 6.32884e-007 6.24178e-007 1.07701
737 7.36498e-007 6.25026e-007 1.06106
738 1.14915e-006 6.25873e-007 1.03502
739 1.76474e-006 6.26721e-007 1.00185
740 2.40757e-006 6.27569e-007 0.965713
741 2.88739e-006 6.28417e-007 0.932174
742 3.05998e-006 6.29265e-007 0.908036
743 2.87114e-006 6.30114e-007 0.899669
744 2.37277e-006 6.30962e-007 0.909621
745 1.70789e-006 6.31811e-007 0.934051
746 1.06969e-006 6.32659e-007 0.964322
747 6.45058e-007 6.33507e-007 0.991614
748 5.57546e-007 6.34355e-007 1.01026
749 8.2872e-007 6.35203e-007 1.01809
750 1.37705e-006 6.36051e-007 1.01508
751 2.05247e-006 6.36898e-007 1.00204
752 2.67813e-006 6.37746e-007 0.980071
753 3.08655e-006 6.38594e-007 0.95086
754 3.15963e-006 6.39442e-007 0.917505
755 2.86543e-006 6.4029e-007 0.885479
756 2.27348e-006 6.41139e-007 0.862635
757 1.53945e-006 6.41987e-007 0.856495
758 8.63335e-007 6.42836e-007 0.869361
759 4.34492e-007 6.43684e-007 0.896265
760 3.79356e-007 6.44533e-007 0.928618
761 7.24858e-007 6.4538e-007 0.959017
762 1.3861e-006 6.46228e-007 0.983041
763 2.18369e-006 6.47076e-007 0.998623
764 2.89299e-006 6.47924e-007 1.00487
765 3.31568e-006 6.48771e-007 1.00124
766 3.34067e-006 6.49619e-007 0.987433
767 2.96668e-006 6.50467e-007 0.964144
768 2.29349e-006 6.51315e-007 0.934424
769 1.49552e-006 6.52163e-007 0.904843
770 7.79894e-007 6.53012e-007 0.884552
771 3.34057e-007 6.53861e-007 0.881156
772 2.76628e-007 6.54709e-007 0.896179
773 6.261e-007 6.55557e-007 0.924872
774 1.29604e-006 6.56405e-007 0.959957
775 2.11669e-006 6.57253e-007 0.994926
776 2.87563e-006 6.58101e-007 1.02505
777 3.36776e-006 6.58949e-007 1.0471
778 3.44895e-006 6.59796e-007 1.05878
779 3.08852e-006 6.60644e-007 1.05852
780 2.39093e-006 6.61492e-007 1.04569
781 1.55739e-006 6.6234e-007 1.0218
782 8.15657e-007 6.63189e-007 0.991704
783 3.57715e-007 6.64037e-007 0.963481
784 2.95162e-007 6.64885e-007 0.945906
785 6.34899e-007 6.65734e-007 0.94473
786 1.28035e-006 6.66582e-007 0.960409
787 2.05909e-006 6.6743e-007 0.988828
788 2.76955e-006 6.68278e-007 1.02371
789 3.23302e-006 6.69126e-007 1.05864
790 3.33498e-006 6.69974e-007 1.08805
791 3.04595e-006 6.70822e-007 1.10767
792 2.42998e-006 6.7167e-007 1.11469
793 1.64888e-006 6.72518e-007 1.10794
794 9.29345e-007 6.73366e-007 1.08824
795 4.80179e-007 6.74214e-007 1.05912
796 4.19874e-007 6.75062e-007 1.0268
797 7.50128e-007 6.7591e-007 0.998941
798 1.3657e-006 6.76758e-007 0.982552
799 2.08913e-006 6.77606e-007 0.98187
800 2.72155e-006 6.78455e-007 0.99707
801 3.09731e-006 6.79303e-007 1.02435
802 3.12781e-006 6.80151e-007 1.05725
803 2.82077e-006 6.80999e-007 1.08847
804 2.26826e-006 6.81847e-007 1.11164
805 1.61268e-006 6.82695e-007 1.12257
806 1.01815e-006 6.83543e-007 1.11962
807 6.50158e-007 6.84391e-007 1.10332
808 6.26004e-007 6.85239e-007 1.07616
809 9.57908e-007 6.86086e-007 1.04241
810 1.54467e-006 6.86934e-007 1.00784
811 2.2096e-006 6.87782e-007 0.978999
812 2.75776e-006 6.88631e-007 0.962154
813 3.03336e-006 6.89479e-007 0.961519
814 2.96338e-006 6.90327e-007 0.977235
815 2.57685e-006 6.91176e-007 1.00455
816 1.9941e-006 6.92024e-007 1.03538
817 1.38774e-006 6.92872e-007 1.06143
818 9.26351e-007 6.9372e-007 1.07693
819 7.25767e-007 6.94568e-007 1.0795
820 8.32508e-007 6.95416e-007 1.06932
821 1.22533e-006 6.96263e-007 1.04795
822 1.80865e-006 6.97111e-007 1.01788
823 2.42223e-006 6.97959e-007 0.982636
824 2.88614e-006 6.98807e-007 0.947023
825 3.05903e-006 6.99655e-007 0.917322
826 2.88341e-006 7.00504e-007 0.900463
827 2.40402e-006 7.01352e-007 0.901369
828 1.75568e-006 7.02201e-007 0.919476
829 1.12501e-006 7.03049e-007 0.948035
830 6.96904e-007 7.03897e-007 0.977741
831 5.99118e-007 7.04745e-007 1.00117
832 8.6113e-007 7.05593e-007 1.01454
833 1.40509e-006 7.06441e-007 1.01698
834 2.0772e-006 7.07288e-007 1.00898
835 2.69852e-006 7.08136e-007 0.991492
836 3.10634e-006 7.08984e-007 0.965793
837 3.18774e-006 7.09832e-007 0.934123
838 2.91052e-006 7.1068e-007 0.900651
839 2.33845e-006 7.11528e-007 0.872168
840 1.61919e-006 7.12377e-007 0.856923
841 9.45929e-007 7.13226e-007 0.860434
842 5.04581e-007 7.14074e-007 0.881259
843 4.22639e-007 7.14922e-007 0.911975
844 7.33366e-007 7.1577e-007 0.944177
845 1.3633e-006 7.16618e-007 0.971935
846 2.14635e-006 7.17466e-007 0.992137
847 2.86523e-006 7.18314e-007 1.00341
848 3.31631e-006 7.19161e-007 1.00505
849 3.3763e-006 7.20009e-007 0.996598
850 3.03542e-006 7.20857e-007 0.978061
851 2.38917e-006 7.21705e-007 0.951105
852 1.60771e-006 7.22553e-007 0.920474
853 8.93667e-007 7.23402e-007 0.894344
854 4.32151e-007 7.2425e-007 0.881757
855 3.43262e-007 7.25099e-007 0.887682
856 6.50785e-007 7.25947e-007 0.910256
857 1.27655e-006 7.26795e-007 0.942997
858 2.06113e-006 7.27643e-007 0.978772
859 2.80372e-006 7.28491e-007 1.01193
860 3.30963e-006 7.29339e-007 1.03853
861 3.4365e-006 7.30186e-007 1.05582
862 3.13818e-006 7.31034e-007 1.06184
863 2.49447e-006 7.31882e-007 1.05539
864 1.69201e-006 7.3273e-007 1.03674
865 9.56618e-007 7.33578e-007 1.00896
866 4.83118e-007 7.34427e-007 0.978647
867 3.87676e-007 7.35275e-007 0.954646
868 6.83758e-007 7.36123e-007 0.944646
869 1.28307e-006 7.36972e-007 0.951896
870 2.02174e-006 7.3782e-007 0.974401
871 2.70564e-006 7.38668e-007 1.00672
872 3.16187e-006 7.39516e-007 1.04233
873 3.28096e-006 7.40364e-007 1.07515
874 3.03699e-006 7.41212e-007 1.10016
875 2.48706e-006 7.42059e-007 1.11378
876 1.76734e-006 7.42907e-007 1.11399
877 1.07866e-006 7.43756e-007 1.10055
878 6.25284e-007 7.44604e-007 1.07554
879 5.35454e-007 7.45452e-007 1.04388
880 8.22788e-007 7.463e-007 1.01271
881 1.39271e-006 7.47148e-007 0.989581
882 2.07676e-006 7.47996e-007 0.980385
883 2.68259e-006 7.48844e-007 0.987492
884 3.04762e-006 7.49693e-007 1.00909
885 3.08309e-006 7.50541e-007 1.03989
886 2.79533e-006 7.51389e-007 1.07277
887 2.27675e-006 7.52237e-007 1.10066
888 1.66953e-006 7.53085e-007 1.11811
889 1.12499e-006 7.53933e-007 1.12221
890 7.83519e-007 7.54781e-007 1.11247
891 7.50955e-007 7.55629e-007 1.09041
892 1.04971e-006 7.56476e-007 1.05937
893 1.59502e-006 7.57324e-007 1.02437
894 2.2231e-006 7.58172e-007 0.991618
895 2.74671e-006 7.59021e-007 0.967681
896 3.01283e-006 7.59869e-007 0.958125
897 2.94681e-006 7.60717e-007 0.965479
898 2.57291e-006 7.61565e-007 0.987523
899 2.00604e-006 7.62414e-007 1.01755
900 1.41618e-006 7.63262e-007 1.04693
901 9.73918e-007 7.6411e-007 1.06834
902 7.96121e-007 7.64958e-007 1.07769
903 9.19429e-007 7.65806e-007 1.07403
904 1.30924e-006 7.66654e-007 1.0583
905 1.87124e-006 7.67501e-007 1.03251
906 2.4585e-006 7.68349e-007 0.999563
907 2.90334e-006 7.69197e-007 0.963487
908 3.06991e-006 7.70045e-007 0.929771
909 2.89972e-006 7.70893e-007 0.90521
910 2.43232e-006 7.71742e-007 0.896282
911 1.79566e-006 7.7259e-007 0.90572
912 1.17034e-006 7.73439e-007 0.929837
913 7.3845e-007 7.74287e-007 0.960056
914 6.30354e-007 7.75135e-007 0.987557
915 8.83304e-007 7.75983e-007 1.00665
916 1.4263e-006 7.76831e-007 1.01512
917 2.10358e-006 7.77679e-007 1.01289
918 2.72918e-006 7.78526e-007 1.0007
919 3.13946e-006 7.79374e-007 0.97955
920 3.22627e-006 7.80222e-007 0.951006
921 2.96006e-006 7.8107e-007 0.918023
922 2.40205e-006 7.81918e-007 0.885957
923 1.69393e-006 7.82766e-007 0.862635
924 1.02286e-006 7.83615e-007 0.855738
925 5.712e-007 7.84464e-007 0.867881
926 4.66435e-007 7.85312e-007 0.894396
927 7.4598e-007 7.8616e-007 0.926828
928 1.34513e-006 7.87008e-007 0.957749
929 2.11001e-006 7.87856e-007 0.982621
930 2.83358e-006 7.88704e-007 0.999241
931 3.3117e-006 7.89551e-007 1.0066
932 3.40867e-006 7.90399e-007 1.00405
933 3.10204e-006 7.91247e-007 0.991213
934 2.48179e-006 7.92095e-007 0.968659
935 1.71586e-006 7.92943e-007 0.939321
936 1.00438e-006 7.93791e-007 0.909657
937 5.30616e-007 7.9464e-007 0.88878
938 4.15384e-007 7.95489e-007 0.884452
939 6.86318e-007 7.96337e-007 0.898543
940 1.27159e-006 7.97185e-007 0.926638
941 2.01993e-006 7.98033e-007 0.961605
942 2.7401e-006 7.98881e-007 0.99689
943 3.24766e-006 7.99729e-007 1.02762
944 3.40714e-006 8.00577e-007 1.05042
945 3.16577e-006 8.01424e-007 1.06287
946 2.58039e-006 8.02272e-007 1.06332
947 1.81641e-006 8.0312e-007 1.05109
948 1.09377e-006 8.03968e-007 1.0276
949 6.10711e-007 8.04817e-007 0.997617
950 4.88643e-007 8.05665e-007 0.969058
951 7.46968e-007 8.06513e-007 0.950654
952 1.30431e-006 8.07362e-007 0.948318
953 2.00408e-006 8.0821e-007 0.962843
954 2.65857e-006 8.09058e-007 0.990428
955 3.09996e-006 8.09906e-007 1.02493
956 3.22324e-006 8.10754e-007 1.05989
957 3.00756e-006 8.11602e-007 1.0896
958 2.51133e-006 8.1245e-007 1.10964
959 1.85551e-006 8.13297e-007 1.1171
960 1.21174e-006 8.14146e-007 1.11077
961 7.68601e-007 8.14994e-007 1.09143
962 6.59955e-007 8.15842e-007 1.06248
963 9.11835e-007 8.1669e-007 1.02998
964 1.44063e-006 8.17538e-007 1.00144
965 2.08647e-006 8.18386e-007 0.983883
966 2.6632e-006 8.19234e-007 0.981772
967 3.01166e-006 8.20082e-007 0.995654
968 3.04351e-006 8.20931e-007 1.02203
969 2.76399e-006 8.21779e-007 1.05454
970 2.2658e-006 8.22627e-007 1.08581
971 1.69411e-006 8.23475e-007 1.10929
972 1.19767e-006 8.24323e-007 1.12066
973 8.96893e-007 8.25171e-007 1.11819
974 8.75463e-007 8.26019e-007 1.1024
975 1.15551e-006 8.26867e-007 1.07564
976 1.66692e-006 8.27714e-007 1.04202
977 2.26011e-006 8.28562e-007 1.00709
978 2.75675e-006 8.2941e-007 0.977296
979 3.00766e-006 8.30259e-007 0.958975
980 2.93794e-006 8.31107e-007 0.956675
981 2.56853e-006 8.31955e-007 0.970993
982 2.00988e-006 8.32804e-007 0.997515
983 1.42907e-006 8.33652e-007 1.0282
984 9.98433e-007 8.345e-007 1.05463
985 8.3962e-007 8.35348e-007 1.07084
986 9.86812e-007 8.36196e-007 1.07431
987 1.39068e-006 8.37044e-007 1.06514
988 1.94711e-006 8.37891e-007 1.04478
989 2.51576e-006 8.38739e-007 1.01556
990 2.94162e-006 8.39587e-007 0.980779
991 3.097e-006 8.40435e-007 0.944989
992 2.92509e-006 8.41283e-007 0.914311
993 2.46236e-006 8.42132e-007 0.895773
994 1.8315e-006 8.4298e-007 0.894771
995 1.20802e-006 8.43829e-007 0.911401
996 7.71007e-007 8.44677e-007 0.939353
997 6.51928e-007 8.45525e-007 0.969367
998 8.94376e-007 8.46373e-007 0.993821
999 1.43609e-006 8.47221e-007 1.00869
1000 2.1238e-006 8.48069e-007 1.0129
