1 2.0578e-007 8.47623e-010 0.995134
2 7.72878e-007 1.69531e-009 0.980619
3 1.55189e-006 2.54314e-009 0.957129
4 2.32746e-006 3.39116e-009 0.927066
5 2.87766e-006 4.23944e-009 0.89588
6 3.04059e-006 5.08799e-009 0.872112
7 2.76323e-006 5.93669e-009 0.864263
8 2.11787e-006 6.78533e-009 0.875562
9 1.28316e-006 7.63371e-009 0.902029
10 4.95572e-007 8.48179e-009 0.935958
11 1.67304e-008 9.32963e-009 0.970202
12 1.01258e-007 1.01773e-008 0.999826
13 2.69584e-007 1.1025e-008 1.02179
14 9.87455e-007 1.18727e-008 1.03415
15 1.84739e-006 1.27204e-008 1.03549
16 2.61694e-006 1.35683e-008 1.025
17 3.09447e-006 1.44164e-008 1.0033
18 3.15028e-006 1.52646e-008 0.974036
19 2.75989e-006 1.61129e-008 0.944522
20 2.01732e-006 1.69613e-008 0.924086
21 1.11544e-006 1.78098e-008 0.919933
22 2.96454e-007 1.86582e-008 0.933628
23 2.12846e-007 1.95064e-008 0.961224
24 2.63116e-007 2.03543e-008 0.996179
25 1.74274e-007 2.12021e-008 1.03197
26 9.92989e-007 2.20498e-008 1.06319
27 1.97097e-006 2.28977e-008 1.08574
28 2.82802e-006 2.37456e-008 1.09671
29 3.31929e-006 2.45935e-008 1.09443
30 3.3188e-006 2.54416e-008 1.0788
31 2.83976e-006 2.62897e-008 1.05235
32 2.01253e-006 2.71378e-008 1.02083
33 1.05078e-006 2.7986e-008 0.992281
34 2.02882e-007 2.88342e-008 0.974609
35 3.09266e-007 2.96825e-008 0.972807
36 3.48061e-007 3.05307e-008 0.987361
37 1.02835e-007 3.13788e-008 1.0146
38 9.33035e-007 3.22268e-008 1.04833
39 1.93163e-006 3.30747e-008 1.08165
40 2.83593e-006 3.39226e-008 1.10833
41 3.39281e-006 3.47706e-008 1.1238
42 3.43295e-006 3.56187e-008 1.12564
43 2.94286e-006 3.64667e-008 1.11355
44 2.07299e-006 3.73147e-008 1.08939
45 1.07106e-006 3.81626e-008 1.05735
46 2.03648e-007 3.90106e-008 1.02358
47 3.07654e-007 3.98587e-008 0.995105
48 3.3689e-007 4.07068e-008 0.978417
49 1.16744e-007 4.15551e-008 0.977656
50 9.30186e-007 4.24034e-008 0.993031
51 1.88986e-006 4.32515e-008 1.02035
52 2.74786e-006 4.40996e-008 1.05226
53 3.28383e-006 4.49477e-008 1.08071
54 3.35518e-006 4.57958e-008 1.09935
55 2.93098e-006 4.66438e-008 1.10489
56 2.11567e-006 4.74917e-008 1.09682
57 1.13993e-006 4.83396e-008 1.07649
58 2.85649e-007 4.91874e-008 1.04666
59 2.11918e-007 5.00351e-008 1.0114
60 2.2854e-007 5.08831e-008 0.976051
61 2.25087e-007 5.17312e-008 0.947007
62 1.01371e-006 5.25795e-008 0.93081
63 1.91761e-006 5.34279e-008 0.9319
64 2.69313e-006 5.42764e-008 0.949802
65 3.13811e-006 5.51247e-008 0.978338
66 3.14416e-006 5.59729e-008 1.00836
67 2.72044e-006 5.6821e-008 1.03186
68 1.98375e-006 5.76689e-008 1.04434
69 1.12672e-006 5.85168e-008 1.04461
70 3.79097e-007 5.93645e-008 1.03335
71 4.63707e-008 6.02121e-008 1.01202
72 2.43285e-008 6.10598e-008 0.982659
73 4.36702e-007 6.19076e-008 0.948281
74 1.19884e-006 6.27556e-008 0.913551
75 2.04046e-006 6.36039e-008 0.885197
76 2.72242e-006 6.44525e-008 0.870853
77 3.0555e-006 6.53012e-008 0.87533
78 2.95194e-006 6.61498e-008 0.896697
79 2.44843e-006 6.69981e-008 0.927
80 1.69425e-006 6.78462e-008 0.957226
81 9.06129e-007 6.86941e-008 0.981176
82 3.03018e-007 6.95418e-008 0.996002
83 4.49208e-008 7.03895e-008 1.00097
84 1.97789e-007 7.12371e-008 0.996152
85 7.23644e-007 7.20848e-008 0.98182
86 1.48488e-006 7.29325e-008 0.958665
87 2.27191e-006 7.37805e-008 0.928769
88 2.86008e-006 7.46287e-008 0.896896
89 3.07694e-006 7.54772e-008 0.870971
90 2.85434e-006 7.63259e-008 0.859759
91 2.24915e-006 7.71746e-008 0.867734
92 1.42832e-006 7.80231e-008 0.891988
93 6.23607e-007 7.88712e-008 0.924913
94 6.71185e-008 7.97191e-008 0.958926
95 7.63999e-008 8.05669e-008 0.988735
96 2.38309e-007 8.14145e-008 1.0112
97 9.20177e-007 8.22622e-008 1.02446
98 1.77396e-006 8.31099e-008 1.02721
99 2.56691e-006 8.39577e-008 1.01856
100 3.09035e-006 8.48057e-008 0.998728
