1 7.17972e-008 2.08167e-017 1.00049
2 2.6731e-007 1.73472e-017 1.00184
3 5.32597e-007 1.21431e-017 1.00375
4 7.94728e-007 3.81639e-017 1.00579
5 9.81796e-007 5.55112e-017 1.00751
6 1.04255e-006 2.94903e-017 1.0085
7 9.60368e-007 5.37764e-017 1.00851
8 7.57839e-007 3.98986e-017 1.00748
9 4.90529e-007 2.60209e-017 1.00552
10 2.31773e-007 2.77556e-017 1.00295
11 5.2563e-008 7.63278e-017 1.00019
12 2.09565e-009 7.63278e-017 0.997714
13 9.43395e-008 6.59195e-017 0.99591
14 3.04163e-007 7.63278e-017 0.995039
15 5.73973e-007 1.21431e-016 0.995151
16 8.29453e-007 1.40513e-016 0.996077
17 1.00027e-006 1.37043e-016 0.997475
18 1.03954e-006 1.23165e-016 0.998903
19 9.36563e-007 1.11022e-016 0.999915
20 7.19708e-007 1.42247e-016 1.00015
21 4.48565e-007 1.2837e-016 0.999401
22 1.97611e-007 1.00614e-016 0.997659
23 3.57536e-008 1.30104e-016 0.995107
24 7.39209e-009 1.23165e-016 0.992094
25 1.20225e-007 1.17961e-016 0.989063
26 3.43211e-007 1.17961e-016 0.986466
27 6.15216e-007 1.35308e-016 0.984674
28 8.61732e-007 1.26635e-016 0.983891
29 1.01506e-006 1.26635e-016 0.984111
30 1.03289e-006 1.5439e-016 0.985116
31 9.10202e-007 1.38778e-016 0.986531
32 6.80703e-007 1.2837e-016 0.987907
33 4.07506e-007 1.5786e-016 0.988816
34 1.65736e-007 1.66533e-016 0.988932
35 2.18679e-008 1.47451e-016 0.988098
36 1.54379e-008 1.92554e-016 0.986352
37 1.48157e-007 2.04697e-016 0.98392
38 3.83452e-007 2.11636e-016 0.981177
39 6.56576e-007 2.2031e-016 0.978574
40 8.92518e-007 2.46331e-016 0.976549
41 1.02667e-006 2.56739e-016 0.975436
42 1.02239e-006 2.67147e-016 0.97539
43 8.80779e-007 2.84495e-016 0.976351
44 6.40481e-007 2.74086e-016 0.978056
45 3.67395e-007 2.75821e-016 0.980106
46 1.36596e-007 2.5327e-016 0.982047
47 1.16043e-008 3.17454e-016 0.983466
48 2.68527e-008 2.96638e-016 0.984072
49 1.78179e-007 2.55004e-016 0.983744
50 4.23971e-007 2.5327e-016 0.982562
51 6.96624e-007 2.01228e-016 0.980787
52 9.2115e-007 2.08167e-016 0.978813
53 1.03583e-006 2.1684e-016 0.977094
54 1.00923e-006 2.39392e-016 0.976047
55 8.48861e-007 2.44596e-016 0.97597
56 5.98881e-007 2.30718e-016 0.976967
57 3.27791e-007 2.37657e-016 0.978924
58 1.09856e-007 2.04697e-016 0.981538
59 4.92335e-009 1.8735e-016 0.984385
60 4.19152e-008 1.9082e-016 0.987009
61 2.10762e-007 1.99493e-016 0.989014
62 4.65121e-007 2.27249e-016 0.990137
63 7.35124e-007 2.18575e-016 0.990299
64 9.46583e-007 2.498e-016 0.989622
65 1.04136e-006 2.74086e-016 0.988401
66 9.93347e-007 3.27863e-016 0.987051
67 8.15659e-007 2.89699e-016 0.986025
68 5.57174e-007 3.03577e-016 0.985719
69 2.89099e-007 2.75821e-016 0.986388
70 8.51485e-008 2.84495e-016 0.988081
71 1.17864e-009 3.03577e-016 0.990633
72 6.00966e-008 2.96638e-016 0.993698
73 2.45706e-007 2.81025e-016 0.996833
74 5.07088e-007 3.01842e-016 0.999583
75 7.72523e-007 3.13985e-016 1.00157
76 9.69169e-007 2.98372e-016 1.00259
77 1.04304e-006 3.38271e-016 1.00259
78 9.73824e-007 3.4521e-016 1.00176
79 7.80421e-007 3.64292e-016 1.00042
80 5.15832e-007 3.97252e-016 0.999021
81 2.52695e-007 3.71231e-016 0.998007
82 6.34493e-008 3.53884e-016 0.997746
83 3.22756e-010 3.79904e-016 0.998445
84 8.06541e-008 3.69496e-016 1.00009
85 2.82139e-007 3.52149e-016 1.00247
86 5.49275e-007 3.48679e-016 1.0052
87 8.08711e-007 3.48679e-016 1.00781
88 9.893e-007 3.33067e-016 1.00987
89 1.04155e-006 2.96638e-016 1.01104
90 9.51168e-007 2.98372e-016 1.01116
91 7.42946e-007 3.10516e-016 1.01026
92 4.73994e-007 3.29597e-016 1.00856
93 2.18083e-007 3.26128e-016 1.00644
94 4.54358e-008 3.62557e-016 1.00436
95 3.51887e-009 4.0766e-016 1.00275
96 1.04043e-007 4.05925e-016 1.00195
97 3.19556e-007 4.0766e-016 1.00211
98 5.90738e-007 3.92048e-016 1.00316
99 8.4287e-007 4.19803e-016 1.00481
100 1.00664e-006 4.3715e-016 1.00668
