1 7.18027e-008 8.60896e-013 1.00049
2 2.67321e-007 1.72179e-012 1.00184
3 5.32613e-007 2.58273e-012 1.00374
4 7.94749e-007 3.44373e-012 1.00579
5 9.81823e-007 4.30475e-012 1.0075
6 1.04258e-006 5.16575e-012 1.0085
7 9.60406e-007 6.02673e-012 1.00851
8 7.57883e-007 6.88769e-012 1.00747
9 4.90578e-007 7.74866e-012 1.00552
10 2.31828e-007 8.60967e-012 1.00295
11 5.26232e-008 9.47072e-012 1.00019
12 2.16138e-009 1.03319e-011 0.997711
13 9.44106e-008 1.1193e-011 0.995907
14 3.0424e-007 1.20542e-011 0.995035
15 5.74055e-007 1.29153e-011 0.995145
16 8.29541e-007 1.37763e-011 0.99607
17 1.00037e-006 1.46375e-011 0.997468
18 1.03964e-006 1.54987e-011 0.998895
19 9.36666e-007 1.636e-011 0.999906
20 7.19817e-007 1.72213e-011 1.00014
21 4.4868e-007 1.80825e-011 0.999393
22 1.97731e-007 1.89438e-011 0.99765
23 3.58791e-008 1.9805e-011 0.995099
24 7.52326e-009 2.06664e-011 0.992086
25 1.20362e-007 2.15278e-011 0.989054
26 3.43354e-007 2.23892e-011 0.986455
27 6.15363e-007 2.32507e-011 0.984661
28 8.61885e-007 2.41122e-011 0.983876
29 1.01522e-006 2.49736e-011 0.984094
30 1.03306e-006 2.5835e-011 0.985097
31 9.10372e-007 2.66966e-011 0.986511
32 6.80878e-007 2.75581e-011 0.987887
33 4.07687e-007 2.84197e-011 0.988797
34 1.65922e-007 2.92813e-011 0.988915
35 2.2059e-008 3.01429e-011 0.988083
36 1.56343e-008 3.10044e-011 0.986339
37 1.48359e-007 3.1866e-011 0.983909
38 3.8366e-007 3.27276e-011 0.981167
39 6.5679e-007 3.35893e-011 0.978563
40 8.92737e-007 3.44511e-011 0.976537
41 1.0269e-006 3.53128e-011 0.975421
42 1.02262e-006 3.61744e-011 0.975372
43 8.81012e-007 3.7036e-011 0.97633
44 6.40721e-007 3.78977e-011 0.978034
45 3.67642e-007 3.87594e-011 0.980084
46 1.36848e-007 3.96211e-011 0.982028
47 1.18622e-008 4.04828e-011 0.983452
48 2.71154e-008 4.13445e-011 0.984064
49 1.78446e-007 4.22061e-011 0.983743
50 4.24243e-007 4.30677e-011 0.982567
51 6.96902e-007 4.39293e-011 0.980797
52 9.21435e-007 4.4791e-011 0.978826
53 1.03612e-006 4.56526e-011 0.977107
54 1.00953e-006 4.65143e-011 0.976059
55 8.49161e-007 4.73759e-011 0.975978
56 5.99186e-007 4.82375e-011 0.976971
57 3.28101e-007 4.90989e-011 0.978926
58 1.10173e-007 4.99605e-011 0.981539
59 5.2473e-009 5.0822e-011 0.984389
60 4.22451e-008 5.16835e-011 0.987019
61 2.11096e-007 5.2545e-011 0.989032
62 4.6546e-007 5.34065e-011 0.990165
63 7.35468e-007 5.42678e-011 0.990338
64 9.46931e-007 5.51292e-011 0.98967
65 1.04172e-006 5.59905e-011 0.988455
66 9.93709e-007 5.68519e-011 0.987108
67 8.16028e-007 5.77133e-011 0.98608
68 5.57548e-007 5.85746e-011 0.985769
69 2.89475e-007 5.94359e-011 0.98643
70 8.55284e-008 6.02972e-011 0.988116
71 1.56485e-009 6.11583e-011 0.990662
72 6.04908e-008 6.20195e-011 0.993725
73 2.46107e-007 6.28808e-011 0.996862
74 5.07495e-007 6.3742e-011 0.999618
75 7.72935e-007 6.46032e-011 1.00162
76 9.69584e-007 6.54643e-011 1.00264
77 1.04346e-006 6.63254e-011 1.00266
78 9.74248e-007 6.71865e-011 1.00183
79 7.80852e-007 6.80476e-011 1.0005
80 5.16272e-007 6.89087e-011 0.999095
81 2.53143e-007 6.97699e-011 0.998071
82 6.39003e-008 7.0631e-011 0.997797
83 7.74408e-010 7.14921e-011 0.998478
84 8.11091e-008 7.23531e-011 1.00011
85 2.82602e-007 7.32141e-011 1.00248
86 5.49747e-007 7.40752e-011 1.00519
87 8.0919e-007 7.49363e-011 1.0078
88 9.89785e-007 7.57974e-011 1.00987
89 1.04204e-006 7.66585e-011 1.01105
90 9.51659e-007 7.75196e-011 1.01118
91 7.4344e-007 7.83806e-011 1.01028
92 4.74494e-007 7.92416e-011 1.00859
93 2.18592e-007 8.01027e-011 1.00646
94 4.59546e-008 8.09639e-011 1.00437
95 4.04459e-009 8.18251e-011 1.00274
96 1.04569e-007 8.26863e-011 1.00192
97 3.20082e-007 8.35475e-011 1.00205
98 5.91268e-007 8.44086e-011 1.00307
99 8.43409e-007 8.52697e-011 1.00471
100 1.00719e-006 8.6131e-011 1.00656
