1 9.7947e-009 8.77076e-015 0.999129
2 3.86905e-008 1.70697e-014 0.996687
3 8.15131e-008 2.55351e-014 0.99322
4 1.26481e-007 3.38618e-014 0.989611
5 1.59695e-007 4.23828e-014 0.986872
6 1.70635e-007 5.05151e-014 0.985818
7 1.55759e-007 5.89528e-014 0.986772
8 1.19632e-007 6.79456e-014 0.989442
9 7.3536e-008 7.67719e-014 0.993033
10 3.17033e-008 8.49043e-014 0.996536
11 5.78047e-009 9.26759e-014 0.999055
12 2.45913e-010 1.01086e-013 1.00002
13 1.42411e-008 1.09551e-013 0.999251
14 4.59328e-008 1.18267e-013 0.996889
15 8.94892e-008 1.26538e-013 0.99346
16 1.33068e-007 1.3517e-013 0.989836
17 1.63182e-007 1.43691e-013 0.987031
18 1.70125e-007 1.52073e-013 0.985878
19 1.51393e-007 1.6076e-013 0.986731
20 1.12555e-007 1.69698e-013 0.98933
21 6.55946e-008 1.78246e-013 0.9929
22 2.5003e-008 1.86989e-013 0.996436
23 2.21664e-009 1.95705e-013 0.99903
24 9.82328e-010 2.04003e-013 1.0001
25 1.9099e-008 2.12358e-013 0.999423
26 5.33969e-008 2.21101e-013 0.99714
27 9.74275e-008 2.29317e-013 0.993753
28 1.39364e-007 2.37588e-013 0.990117
29 1.66204e-007 2.45665e-013 0.987247
30 1.69105e-007 2.5438e-013 0.985997
31 1.46618e-007 2.62679e-013 0.986748
32 1.05281e-007 2.71422e-013 0.989273
33 5.77253e-008 2.8022e-013 0.992819
34 1.86201e-008 2.88186e-013 0.996386
35 8.8065e-010 2.96513e-013 0.999054
36 2.20558e-009 3.04978e-013 1.00022
37 2.43459e-008 3.13582e-013 0.999642
38 6.10486e-008 3.21715e-013 0.997441
39 1.05292e-007 3.29847e-013 0.994098
40 1.4534e-007 3.38229e-013 0.990452
41 1.68747e-007 3.46695e-013 0.987521
42 1.67583e-007 3.55299e-013 0.986173
43 1.41455e-007 3.63709e-013 0.986823
44 9.7845e-008 3.72369e-013 0.989272
45 4.99642e-008 3.81084e-013 0.99279
46 1.25833e-008 3.8955e-013 0.996385
47 3.49764e-009 3.98154e-013 0.999125
48 3.90958e-009 4.06536e-013 1.00038
49 2.9957e-008 4.1514e-013 0.999907
50 6.88527e-008 4.23966e-013 0.99779
51 1.13045e-007 4.32321e-013 0.994492
52 1.50967e-007 4.40037e-013 0.990841
53 1.70801e-007 4.48724e-013 0.98785
54 1.65564e-007 4.57884e-013 0.986407
55 1.3593e-007 4.66488e-013 0.986954
56 9.02814e-008 4.74926e-013 0.989324
57 4.23472e-008 4.83558e-013 0.992813
58 6.91983e-009 4.92162e-013 0.996432
59 5.62299e-009 5.00794e-013 0.999242
60 6.08584e-009 5.08815e-013 1.00059
61 3.59061e-008 5.17308e-013 1.00022
62 7.67732e-008 5.25913e-013 0.998184
63 1.20653e-007 5.34656e-013 0.994935
64 1.56221e-007 5.43232e-013 0.99128
65 1.72355e-007 5.51725e-013 0.988232
66 1.63061e-007 5.60135e-013 0.986695
67 1.30068e-007 5.68851e-013 0.987138
68 8.26258e-008 5.77732e-013 0.989429
69 3.49092e-008 5.86559e-013 0.992884
70 1.655e-009 5.95218e-013 0.996525
71 7.24782e-009 6.03378e-013 0.999402
72 8.72353e-009 6.11677e-013 1.00085
73 4.2165e-008 6.20115e-013 1.00057
74 8.47734e-008 6.28636e-013 0.998622
75 1.28081e-007 6.37213e-013 0.995423
76 1.61077e-007 6.45373e-013 0.991767
77 1.73403e-007 6.53755e-013 0.988666
78 1.60083e-007 6.62304e-013 0.987035
79 1.23898e-007 6.70741e-013 0.987375
80 7.4914e-008 6.79401e-013 0.989584
81 2.76843e-008 6.87256e-013 0.993003
82 3.18787e-009 6.95777e-013 0.996662
83 8.36576e-009 7.04242e-013 0.999605
84 1.18095e-008 7.12458e-013 1.00114
85 4.8704e-008 7.20812e-013 1.00096
86 9.28163e-008 7.29167e-013 0.999101
87 1.35294e-007 7.37854e-013 0.995954
88 1.65514e-007 7.46209e-013 0.9923
89 1.73942e-007 7.54979e-013 0.989147
90 1.56648e-007 7.63556e-013 0.987425
91 1.17449e-007 7.72077e-013 0.987661
92 6.71823e-008 7.80848e-013 0.989785
93 2.07057e-008 7.89063e-013 0.993165
94 7.58754e-009 7.97501e-013 0.996841
95 8.97299e-009 8.05633e-013 0.999846
96 1.53283e-008 8.14265e-013 1.00148
97 5.5492e-008 8.2262e-013 1.00139
98 1.00865e-007 8.31418e-013 0.999617
99 1.42259e-007 8.39995e-013 0.996524
100 1.69512e-007 8.48766e-013 0.992875
