1 8.46103e-014 3.03924e-015 0.362233
2 1.51369e-013 6.14439e-015 0.376882
3 1.05246e-013 9.13852e-015 0.390087
4 8.89011e-014 1.21674e-014 0.350366
5 3.79788e-013 1.52378e-014 0.388202
6 7.39495e-013 1.81626e-014 0.388005
7 1.13842e-012 2.11844e-014 0.347174
8 1.57649e-012 2.41925e-014 0.393763
9 2.11625e-012 2.71935e-014 0.379795
10 2.78981e-012 3.02883e-014 0.354489
11 3.60296e-012 3.32963e-014 0.395716
12 4.50512e-012 3.63216e-014 0.365227
13 5.39841e-012 3.94927e-014 0.368812
14 6.3046e-012 4.24868e-014 0.397008
15 7.30471e-012 4.54983e-014 0.349477
16 8.42591e-012 4.86e-014 0.383635
17 9.67224e-012 5.15907e-014 0.396666
18 1.09847e-011 5.46299e-014 0.34018
19 1.23089e-011 5.76761e-014 0.39373
20 1.36625e-011 6.06876e-014 0.390315
21 1.50645e-011 6.37337e-014 0.34266
22 1.65669e-011 6.67626e-014 0.398356
23 1.82155e-011 6.97636e-014 0.375636
24 1.99586e-011 7.28619e-014 0.356373
25 2.17279e-011 7.58872e-014 0.400009
26 2.3494e-011 7.8982e-014 0.356474
27 2.53026e-011 8.2042e-014 0.375231
28 2.72471e-011 8.50431e-014 0.399386
29 2.9325e-011 8.81066e-014 0.341476
30 3.148e-011 9.12118e-014 0.391586
31 3.36765e-011 9.42232e-014 0.393073
32 3.58664e-011 9.73457e-014 0.338962
33 3.80646e-011 1.00361e-013 0.401173
34 4.03284e-011 1.03407e-013 0.377597
35 4.26786e-011 1.06495e-013 0.351457
36 4.5129e-011 1.0943e-013 0.404684
