1 7.33481e-006 9.61515e-007 0.974408
2 3.01488e-005 1.95581e-006 0.952537
3 6.18203e-005 3.00762e-006 0.939423
4 9.27052e-005 4.17233e-006 0.881892
5 0.000106123 6.09785e-006 0.621133
6 0.000166319 9.09377e-006 4.34843
7 0.000157504 9.94622e-006 8.48326
8 0.000133344 1.07985e-005 12.0012
9 0.00010043 1.16506e-005 15.2282
10 6.78431e-005 1.25025e-005 18.2762
11 4.45991e-005 1.33541e-005 21.1997
12 3.71588e-005 1.42057e-005 24.0299
13 4.76566e-005 1.50573e-005 26.7863
14 7.33161e-005 1.5909e-005 29.4823
15 0.000107214 1.67609e-005 32.1275
16 0.000140184 1.76131e-005 34.7296
17 0.000163323 1.84654e-005 37.295
18 0.000170422 1.93179e-005 39.8293
19 0.000159664 2.01704e-005 42.3364
20 0.000134124 2.10227e-005 44.8198
21 0.000100923 2.18749e-005 47.2822
22 6.92779e-005 2.27268e-005 49.7256
23 4.79735e-005 2.35785e-005 52.1519
24 4.29599e-005 2.44301e-005 54.5625
25 5.57274e-005 2.52818e-005 56.9587
26 8.29007e-005 2.61336e-005 59.3416
27 0.000117161 2.69856e-005 61.712
28 0.000149248 2.78379e-005 64.071
29 0.000170495 2.86903e-005 66.4194
30 0.000175205 2.95429e-005 68.7579
31 0.000162212 3.03954e-005 71.0874
32 0.000135203 3.12478e-005 73.4084
33 0.000101702 3.21e-005 75.7214
34 7.10111e-005 3.29519e-005 78.0271
35 5.16536e-005 3.38037e-005 80.3257
36 4.90493e-005 3.46554e-005 82.6177
37 6.40323e-005 3.55071e-005 84.9034
38 9.26235e-005 3.6359e-005 87.1831
39 0.000127118 3.72112e-005 89.457
40 0.000158192 3.80635e-005 91.7255
41 0.000177455 3.89161e-005 93.9889
42 0.000179751 3.97687e-005 96.2474
43 0.000164576 4.06213e-005 98.5012
44 0.000136214 4.14737e-005 100.751
45 0.000102561 4.2326e-005 102.996
46 7.29589e-005 4.31779e-005 105.237
47 5.56344e-005 4.40298e-005 107.474
48 5.54515e-005 4.48815e-005 109.708
49 7.25825e-005 4.57333e-005 111.938
50 0.000102461 4.65853e-005 114.164
51 0.000137031 4.74376e-005 116.387
52 0.000166945 4.829e-005 118.607
53 0.000184131 4.91427e-005 120.824
54 0.000184002 4.99954e-005 123.038
55 0.000166717 5.0848e-005 125.249
56 0.00013714 5.17005e-005 127.458
57 0.000103498 5.25528e-005 129.663
58 7.51307e-005 5.34048e-005 131.867
59 5.99267e-005 5.42567e-005 134.067
60 6.21701e-005 5.51085e-005 136.266
61 8.13696e-005 5.59604e-005 138.462
62 0.000112393 5.68125e-005 140.655
63 0.00014687 5.76648e-005 142.847
64 0.000175478 5.85174e-005 145.036
65 0.000190503 5.93701e-005 147.224
66 0.000187948 6.02229e-005 149.409
67 0.000168638 6.10756e-005 151.592
68 0.000137992 6.19281e-005 153.774
69 0.00010453 6.27804e-005 155.954
70 7.75421e-005 6.36325e-005 158.132
71 6.4539e-005 6.44844e-005 160.308
72 6.92028e-005 6.53363e-005 162.482
73 9.03802e-005 6.61883e-005 164.655
74 0.000122398 6.70405e-005 166.827
75 0.000156611 6.78929e-005 168.996
76 0.000183771 6.87456e-005 171.165
77 0.000196557 6.95984e-005 173.331
78 0.000191587 7.04512e-005 175.497
79 0.000170349 7.1304e-005 177.661
80 0.000138789 7.21566e-005 179.823
81 0.000105678 7.30089e-005 181.985
82 8.02089e-005 7.3861e-005 184.145
83 6.94776e-005 7.4713e-005 186.303
84 7.65443e-005 7.5565e-005 188.461
85 9.95982e-005 7.64171e-005 190.617
86 0.000132452 7.72694e-005 192.772
87 0.000166231 7.81219e-005 194.926
88 0.000191804 7.89747e-005 197.079
89 0.000202286 7.98275e-005 199.23
90 0.000194925 8.06805e-005 201.381
91 0.000171866 8.15333e-005 203.53
92 0.000139552 8.23859e-005 205.679
93 0.000106962 8.32382e-005 207.826
94 8.31464e-005 8.40904e-005 209.972
95 7.47473e-005 8.49424e-005 212.118
96 8.41873e-005 8.57945e-005 214.262
97 0.000109006 8.66467e-005 216.406
98 0.000142532 8.74991e-005 218.549
99 0.000175707 8.83517e-005 220.69
100 0.000199563 8.92046e-005 222.831
