1 6.23281e-017 9.90012e-018 1
2 1.24497e-016 1.97816e-017 1
3 1.86422e-016 2.96428e-017 1
4 2.4853e-016 3.95158e-017 1
5 3.10871e-016 4.94142e-017 1
6 3.72867e-016 5.92957e-017 1
7 4.34985e-016 6.9184e-017 1
8 4.96876e-016 7.90621e-017 1
9 5.59015e-016 8.89402e-017 1
10 6.21058e-016 9.88233e-017 1
11 6.834e-016 1.08729e-016 1
12 7.45436e-016 1.1862e-016 1
13 8.07764e-016 1.28514e-016 1
14 8.69777e-016 1.38397e-016 1
15 9.32106e-016 1.48282e-016 1
16 9.94196e-016 1.58175e-016 1
17 1.05633e-015 1.68075e-016 1
18 1.11851e-015 1.77968e-016 1
19 1.18065e-015 1.87858e-016 1
20 1.24271e-015 1.9775e-016 1
21 1.30499e-015 2.07648e-016 1
22 1.36717e-015 2.1752e-016 1
23 1.42937e-015 2.27406e-016 1
24 1.49138e-015 2.37281e-016 1
25 1.5533e-015 2.47159e-016 1
26 1.61548e-015 2.57047e-016 1
27 1.67771e-015 2.66931e-016 1
28 1.7396e-015 2.76802e-016 1
29 1.80164e-015 2.867e-016 1
30 1.86406e-015 2.96594e-016 1
31 1.92652e-015 3.06507e-016 1
32 1.98851e-015 3.16387e-016 1
33 2.05063e-015 3.26272e-016 1
34 2.11248e-015 3.36153e-016 1
35 2.17432e-015 3.46033e-016 1
36 2.23648e-015 3.55916e-016 1
37 2.29861e-015 3.65806e-016 1
38 2.36088e-015 3.75686e-016 1
39 2.42309e-015 3.85574e-016 1
40 2.48529e-015 3.9549e-016 1
41 2.54739e-015 4.05376e-016 1
42 2.60951e-015 4.15275e-016 1
43 2.67142e-015 4.25144e-016 1
44 2.73345e-015 4.35024e-016 1
45 2.79573e-015 4.44911e-016 1
46 2.85778e-015 4.54801e-016 1
47 2.91984e-015 4.6467e-016 1
48 2.98189e-015 4.74567e-016 1
49 3.04391e-015 4.84428e-016 1
50 3.10597e-015 4.94322e-016 1
51 3.16798e-015 5.04212e-016 1
52 3.23e-015 5.14074e-016 1
53 3.29206e-015 5.23949e-016 1
54 3.35415e-015 5.33865e-016 1
55 3.41631e-015 5.43749e-016 1
56 3.47849e-015 5.53651e-016 1
57 3.54085e-015 5.63548e-016 1
58 3.60294e-015 5.73429e-016 1
59 3.66509e-015 5.83302e-016 1
60 3.72736e-015 5.93226e-016 1
61 3.78949e-015 6.0312e-016 1
62 3.85157e-015 6.1301e-016 1
63 3.91365e-015 6.22888e-016 1
64 3.97576e-015 6.32788e-016 1
65 4.03779e-015 6.42668e-016 1
66 4.10001e-015 6.52546e-016 1
67 4.16228e-015 6.62448e-016 1
68 4.22451e-015 6.72329e-016 1
69 4.28657e-015 6.82194e-016 1
70 4.34848e-015 6.92077e-016 1
71 4.4105e-015 7.0196e-016 1
72 4.47255e-015 7.11841e-016 1
73 4.53486e-015 7.21757e-016 1
74 4.59695e-015 7.31635e-016 1
75 4.65918e-015 7.41525e-016 1
76 4.72135e-015 7.51435e-016 1
77 4.78346e-015 7.61318e-016 1
78 4.84553e-015 7.71208e-016 1
79 4.90787e-015 7.81103e-016 1
80 4.97012e-015 7.9098e-016 1
81 5.03216e-015 8.00854e-016 1
82 5.09429e-015 8.10736e-016 1
83 5.15655e-015 8.20631e-016 1
84 5.21845e-015 8.30523e-016 1
85 5.28083e-015 8.40418e-016 1
86 5.34315e-015 8.50316e-016 1
87 5.40533e-015 8.60204e-016 1
88 5.46731e-015 8.70086e-016 1
89 5.52944e-015 8.79972e-016 1
90 5.59148e-015 8.89871e-016 1
91 5.65375e-015 8.99749e-016 1
92 5.71585e-015 9.0963e-016 1
93 5.77798e-015 9.19502e-016 1
94 5.84036e-015 9.29407e-016 1
95 5.90279e-015 9.39326e-016 1
96 5.96486e-015 9.49216e-016 1
97 6.0271e-015 9.59112e-016 1
98 6.08903e-015 9.68984e-016 1
99 6.15128e-015 9.78877e-016 1
100 6.2134e-015 9.88764e-016 1
