1 9.55162e-010 5.55112e-017 0.999909
2 3.80421e-009 1.61329e-016 0.999655
3 8.0656e-009 2.89699e-016 0.999301
4 1.25631e-008 3.27863e-016 0.998939
5 1.58987e-008 4.28477e-016 0.998674
6 1.7016e-008 5.51642e-016 0.998585
7 1.55606e-008 6.03684e-016 0.998697
8 1.19916e-008 6.78277e-016 0.998977
9 7.43743e-009 7.94503e-016 0.999343
10 3.30484e-009 8.96852e-016 0.999691
11 7.02316e-010 9.92262e-016 0.999928
12 1.9087e-011 1.07032e-015 0.999999
13 1.24493e-009 1.14839e-015 0.999887
14 4.32947e-009 1.26114e-015 0.999619
15 8.69686e-009 1.37737e-015 0.999258
16 1.3112e-008 1.42941e-015 0.998902
17 1.61952e-008 1.53696e-015 0.998654
18 1.6968e-008 1.63411e-015 0.998587
19 1.51827e-008 1.73993e-015 0.998722
20 1.14008e-008 1.80758e-015 0.999017
21 6.8158e-009 1.88391e-015 0.999386
22 2.83377e-009 1.97065e-015 0.999725
23 4.87054e-010 2.07473e-015 0.999946
24 7.63138e-011 2.1684e-015 0.999995
25 1.57074e-009 2.27075e-015 0.999864
26 4.87806e-009 2.38524e-015 0.99958
27 9.32772e-009 2.47025e-015 0.999215
28 1.36352e-008 2.6177e-015 0.998867
29 1.64485e-008 2.71831e-015 0.998637
30 1.68724e-008 2.8276e-015 0.998593
31 1.47673e-008 2.93689e-015 0.998749
32 1.07939e-008 3.01321e-015 0.999057
33 6.20411e-009 3.12077e-015 0.999429
34 2.39316e-009 3.25261e-015 0.999758
35 3.09861e-010 3.32893e-015 0.999961
36 1.71575e-010 3.43649e-015 0.999989
37 1.93154e-009 3.52843e-015 0.999838
38 5.44719e-009 3.64465e-015 0.999541
39 9.95466e-009 3.73833e-015 0.999172
40 1.41299e-008 3.85629e-015 0.998833
41 1.66571e-008 3.89619e-015 0.998622
42 1.67296e-008 3.97252e-015 0.998601
43 1.43165e-008 4.04538e-015 0.998778
44 1.01744e-008 4.14772e-015 0.999099
45 5.60568e-009 4.23446e-015 0.99947
46 1.98495e-009 4.36803e-015 0.999789
47 1.71059e-010 4.45997e-015 0.999973
48 3.04684e-010 4.54498e-015 0.999981
49 2.32602e-009 4.61957e-015 0.999811
50 6.03395e-009 4.74273e-015 0.999501
51 1.05742e-008 4.83467e-015 0.99913
52 1.45933e-008 4.93876e-015 0.998801
53 1.68199e-008 5.04284e-015 0.998609
54 1.65404e-008 5.11743e-015 0.998612
55 1.3833e-008 5.2354e-015 0.998809
56 9.54563e-009 5.32213e-015 0.999141
57 5.02374e-009 5.40019e-015 0.999512
58 1.61086e-009 5.4852e-015 0.999818
59 7.08235e-011 5.51469e-015 0.999984
60 4.75366e-010 5.62744e-015 0.999971
61 2.75266e-009 5.71938e-015 0.999782
62 6.63524e-009 5.83041e-015 0.99946
63 1.11829e-008 5.93275e-015 0.999089
64 1.50227e-008 6.04898e-015 0.998771
65 1.69359e-008 6.15133e-015 0.998599
66 1.63059e-008 6.29531e-015 0.998626
67 1.33193e-008 6.44103e-015 0.998842
68 8.91118e-009 6.58154e-015 0.999184
69 4.46136e-009 6.69256e-015 0.999552
70 1.27236e-009 6.84175e-015 0.999846
71 9.2088e-012 6.92155e-015 0.999992
72 6.8324e-010 7.0239e-015 0.999958
73 3.20973e-009 7.11063e-015 0.999751
74 7.24788e-009 7.17135e-015 0.999419
75 1.17772e-008 7.25114e-015 0.999048
76 1.54157e-008 7.32747e-015 0.998743
77 1.70045e-008 7.40727e-015 0.998592
78 1.60273e-008 7.49921e-015 0.998642
79 1.27783e-008 7.58595e-015 0.998877
80 8.27456e-009 7.72646e-015 0.999227
81 3.92149e-009 7.84789e-015 0.999591
82 9.70665e-010 7.9433e-015 0.999871
83 1.38395e-011 8.05432e-015 0.999998
84 9.27802e-010 8.12718e-015 0.999943
85 3.69524e-009 8.18269e-015 0.999718
86 7.86856e-009 8.25902e-015 0.999377
87 1.2354e-008 8.3579e-015 0.999008
88 1.57702e-008 8.46025e-015 0.998717
89 1.70253e-008 8.56086e-015 0.998588
90 1.57062e-008 8.64933e-015 0.998661
91 1.22131e-008 8.74995e-015 0.998913
92 7.63932e-009 8.84362e-015 0.99927
93 3.40691e-009 8.96852e-015 0.99963
94 7.06779e-010 9.02577e-015 0.999895
95 1.5348e-012 9.12291e-015 1
96 1.20841e-009 9.19056e-015 0.999925
97 4.20701e-009 9.27904e-015 0.999684
98 8.49392e-009 9.34842e-015 0.999334
99 1.29099e-008 9.47506e-015 0.998969
100 1.60841e-008 9.57047e-015 0.998693
