1 0.000788834 8.55607e-005 0.994404
2 0.00344096 0.000182116 4.35076
3 0.0066841 0.000267455 22.1576
4 0.00999019 0.000353042 39.5089
5 0.0124373 0.000438841 56.8043
6 0.0133618 0.000524767 74.0757
7 0.0125205 0.000610698 91.3337
8 0.0101586 0.000696514 108.583
9 0.0069404 0.000782129 125.826
10 0.00376266 0.000867514 143.065
11 0.00150673 0.000952704 160.299
12 0.000799278 0.00103779 177.531
13 0.00184487 0.00112289 194.761
14 0.00437172 0.00120812 211.988
15 0.00770375 0.00129357 229.214
16 0.0109415 0.00137926 246.438
17 0.0132071 0.00146515 263.661
18 0.0138875 0.00155116 280.883
19 0.012807 0.00163715 298.104
20 0.0102773 0.00172301 315.324
21 0.00700882 0.00180867 332.543
22 0.00391207 0.00189409 349.762
23 0.00184608 0.00197933 366.98
24 0.00138581 0.00206448 384.197
25 0.00266875 0.00214966 401.414
26 0.0053584 0.00223499 418.631
27 0.00873363 0.00232054 435.847
28 0.0118822 0.00240634 453.062
29 0.0139497 0.00249232 470.278
30 0.0143775 0.0025784 487.492
31 0.0130596 0.00266446 504.707
32 0.0103735 0.00275036 521.921
33 0.00707282 0.00283605 539.135
34 0.00407656 0.00292152 556.349
35 0.00221613 0.00300681 573.562
36 0.00201057 0.00309203 590.776
37 0.00352816 0.00317729 607.989
38 0.00636833 0.00326272 625.201
39 0.00976812 0.00334838 642.414
40 0.0128075 0.00343428 659.626
41 0.0146613 0.00352036 676.839
42 0.0148294 0.00360651 694.051
43 0.0132779 0.00369262 711.263
44 0.0104489 0.00377857 728.474
45 0.00713532 0.00386429 745.686
46 0.0042595 0.0039498 762.897
47 0.00261977 0.00403514 780.109
48 0.0026751 0.00412043 797.32
49 0.00442286 0.00420578 814.531
50 0.0073995 0.00429131 831.742
51 0.0108039 0.00437708 848.953
52 0.0137138 0.00446308 866.164
53 0.0153388 0.00454925 883.374
54 0.0152418 0.00463547 900.585
55 0.0134623 0.00472164 917.795
56 0.0105056 0.00480763 935.006
57 0.00719969 0.00489339 952.216
58 0.00446452 0.00497893 969.426
59 0.00305986 0.00506433 986.636
60 0.00338074 0.00514969 1003.85
61 0.00535227 0.00523514 1021.06
62 0.00844952 0.00532077 1038.27
63 0.0118376 0.00540665 1055.48
64 0.0145974 0.00549275 1072.69
65 0.0159794 0.005579 1089.9
66 0.0156134 0.0056653 1107.11
67 0.0136136 0.00575151 1124.31
68 0.0105462 0.00583754 1141.52
69 0.00726957 0.00592334 1158.73
70 0.00469532 0.00600893 1175.94
71 0.00353921 0.00609438 1193.15
72 0.00412859 0.00617982 1210.36
73 0.00631546 0.00626536 1227.57
74 0.00951569 0.0063511 1244.78
75 0.0128652 0.00643708 1261.99
76 0.0154545 0.00652328 1279.2
77 0.0165804 0.00660962 1296.41
78 0.0159434 0.00669599 1313.62
79 0.013733 0.00678225 1330.83
80 0.0105737 0.00686831 1348.03
81 0.00734884 0.00695415 1365.24
82 0.00495571 0.00703978 1382.45
83 0.00406043 0.00712529 1399.66
84 0.00491939 0.00721081 1416.87
85 0.00731109 0.00729645 1434.08
86 0.0105949 0.00738229 1451.29
87 0.0138827 0.00746838 1468.5
88 0.0162812 0.00755468 1485.7
89 0.0171391 0.00764111 1502.91
90 0.0162312 0.00772753 1520.12
91 0.0138221 0.00781384 1537.33
92 0.0105913 0.00789994 1554.54
93 0.00744165 0.00798581 1571.75
94 0.00524946 0.00807149 1588.95
95 0.00462595 0.00815707 1606.16
96 0.00575355 0.00824266 1623.37
97 0.00833734 0.0083284 1640.58
98 0.0116836 0.00841436 1657.79
99 0.014886 0.00850056 1675
100 0.0170736 0.00858695 1692.2
