1 2.25007e-005 8.13808e-006 8.04324
2 1.87704e-005 8.13794e-006 16.1244
3 1.7556e-005 8.13794e-006 24.0761
4 1.69487e-005 8.13794e-006 31.9669
5 1.65833e-005 8.13794e-006 39.8223
6 1.63388e-005 8.13794e-006 47.6545
7 1.61638e-005 8.13794e-006 55.4705
8 1.60321e-005 8.13794e-006 63.2743
9 1.59294e-005 8.13794e-006 71.0687
10 1.58472e-005 8.13794e-006 78.8556
11 1.57797e-005 8.13794e-006 86.6365
12 1.57234e-005 8.13794e-006 94.4123
13 1.56757e-005 8.13794e-006 102.184
14 1.56348e-005 8.13794e-006 109.952
15 1.55992e-005 8.13794e-006 117.716
16 1.55681e-005 8.13794e-006 125.478
17 1.55406e-005 8.13794e-006 133.238
18 1.55162e-005 8.13794e-006 140.995
19 1.54943e-005 8.13794e-006 148.75
20 1.54746e-005 8.13794e-006 156.504
21 1.54567e-005 8.13794e-006 164.256
22 1.54405e-005 8.13794e-006 172.006
23 1.54256e-005 8.13794e-006 179.756
24 1.5412e-005 8.13794e-006 187.504
25 1.53995e-005 8.13794e-006 195.251
26 1.53879e-005 8.13794e-006 202.997
27 1.53772e-005 8.13794e-006 210.742
28 1.53672e-005 8.13794e-006 218.486
29 1.5358e-005 8.13794e-006 226.229
30 1.53493e-005 8.13794e-006 233.972
31 1.53412e-005 8.13794e-006 241.714
32 1.53336e-005 8.13794e-006 249.455
33 1.53264e-005 8.13794e-006 257.195
34 1.53197e-005 8.13794e-006 264.935
35 1.53134e-005 8.13794e-006 272.675
36 1.53074e-005 8.13794e-006 280.414
37 1.53017e-005 8.13794e-006 288.152
38 1.52963e-005 8.13794e-006 295.89
39 1.52912e-005 8.13794e-006 303.627
40 1.52864e-005 8.13794e-006 311.364
41 1.52818e-005 8.13794e-006 319.101
42 1.52774e-005 8.13794e-006 326.837
43 1.52732e-005 8.13794e-006 334.573
44 1.52692e-005 8.13794e-006 342.309
45 1.52654e-005 8.13794e-006 350.044
46 1.52617e-005 8.13794e-006 357.779
47 1.52582e-005 8.13794e-006 365.513
48 1.52548e-005 8.13794e-006 373.248
49 1.52516e-005 8.13794e-006 380.982
50 1.52485e-005 8.13794e-006 388.716
51 1.52456e-005 8.13794e-006 396.449
52 1.52427e-005 8.13794e-006 404.182
53 1.524e-005 8.13794e-006 411.915
54 1.52373e-005 8.13794e-006 419.648
55 1.52348e-005 8.13794e-006 427.381
56 1.52323e-005 8.13794e-006 435.113
57 1.52299e-005 8.13794e-006 442.845
58 1.52276e-005 8.13794e-006 450.577
59 1.52254e-005 8.13794e-006 458.309
60 1.52233e-005 8.13794e-006 466.04
61 1.52212e-005 8.13794e-006 473.772
62 1.52192e-005 8.13794e-006 481.503
63 1.52172e-005 8.13794e-006 489.234
64 1.52154e-005 8.13794e-006 496.965
65 1.52135e-005 8.13794e-006 504.695
66 1.52118e-005 8.13794e-006 512.426
67 1.521e-005 8.13794e-006 520.156
68 1.52084e-005 8.13794e-006 527.887
69 1.52068e-005 8.13794e-006 535.617
70 1.52052e-005 8.13794e-006 543.347
71 1.52037e-005 8.13794e-006 551.077
72 1.52022e-005 8.13794e-006 558.806
73 1.52007e-005 8.13794e-006 566.536
74 1.51993e-005 8.13794e-006 574.265
75 1.51979e-005 8.13794e-006 581.995
76 1.51966e-005 8.13794e-006 589.724
77 1.51953e-005 8.13794e-006 597.453
78 1.5194e-005 8.13794e-006 605.182
79 1.51928e-005 8.13794e-006 612.911
80 1.51916e-005 8.13794e-006 620.64
81 1.51904e-005 8.13794e-006 628.369
82 1.51893e-005 8.13794e-006 636.097
83 1.51882e-005 8.13794e-006 643.826
84 1.51871e-005 8.13794e-006 651.554
85 1.5186e-005 8.13794e-006 659.282
86 1.5185e-005 8.13794e-006 667.011
87 1.5184e-005 8.13794e-006 674.739
88 1.5183e-005 8.13794e-006 682.467
89 1.5182e-005 8.13794e-006 690.195
90 1.5181e-005 8.13794e-006 697.923
91 1.51801e-005 8.13794e-006 705.65
92 1.51792e-005 8.13794e-006 713.378
93 1.51783e-005 8.13794e-006 721.106
94 1.51774e-005 8.13794e-006 728.833
95 1.51766e-005 8.13794e-006 736.561
96 1.51758e-005 8.13794e-006 744.288
97 1.51749e-005 8.13794e-006 752.016
98 1.51741e-005 8.13794e-006 759.743
99 1.51734e-005 8.13794e-006 767.47
100 1.51726e-005 8.13794e-006 775.197
