1 1.01456e-005 8.47061e-008 1.19045
2 3.8757e-005 1.69524e-007 1.52168
3 7.10754e-005 3.01395e-007 1.43651
4 0.00119109 2.80685e-006 22.3377
5 0.00121131 2.89156e-006 59.6587
6 0.00121121 2.97627e-006 96.9502
7 0.00118964 3.06098e-006 134.232
8 0.00115235 3.14568e-006 171.51
9 0.00110948 3.23038e-006 208.784
10 0.00107276 3.31508e-006 246.057
11 0.00105224 3.39978e-006 283.329
12 0.00105354 3.48448e-006 320.6
13 0.0010763 3.56918e-006 357.87
14 0.0011143 3.65388e-006 395.139
15 0.00115714 3.73858e-006 432.408
16 0.0011931 3.82329e-006 469.676
17 0.00121234 3.90799e-006 506.945
18 0.00120959 3.9927e-006 544.212
19 0.00118563 4.07741e-006 581.48
20 0.00114702 4.16212e-006 618.747
21 0.00110435 4.24682e-006 656.014
22 0.00106931 4.33152e-006 693.281
23 0.00105151 4.41622e-006 730.548
24 0.00105584 4.50091e-006 767.815
25 0.00108111 4.58561e-006 805.081
26 0.00112043 4.67031e-006 842.348
27 0.00116303 4.75501e-006 879.614
28 0.00119727 4.83972e-006 916.88
29 0.00121377 4.92443e-006 954.146
30 0.00120803 5.00914e-006 991.412
31 0.00118164 5.09384e-006 1028.68
32 0.00114183 5.17855e-006 1065.94
33 0.00109951 5.26325e-006 1103.21
34 0.00106629 5.34795e-006 1140.48
35 0.00105128 5.43265e-006 1177.74
36 0.00105859 5.51735e-006 1215.01
37 0.00108623 5.60204e-006 1252.27
38 0.00112666 5.68675e-006 1289.54
39 0.00116881 5.77145e-006 1326.8
40 0.00120114 5.85616e-006 1364.07
41 0.00121483 5.94086e-006 1401.33
42 0.00120613 6.02557e-006 1438.6
43 0.00117743 6.11028e-006 1475.86
44 0.00113661 6.19499e-006 1513.13
45 0.00109486 6.27969e-006 1550.4
46 0.00106362 6.36439e-006 1587.66
47 0.00105146 6.44908e-006 1624.93
48 0.00106172 6.53378e-006 1662.19
49 0.0010916 6.61848e-006 1699.46
50 0.00113293 6.70318e-006 1736.72
51 0.00117441 6.78789e-006 1773.99
52 0.0012047 6.87259e-006 1811.25
53 0.0012155 6.9573e-006 1848.52
54 0.00120387 7.04201e-006 1885.78
55 0.00117302 7.12672e-006 1923.05
56 0.00113139 7.21142e-006 1960.31
57 0.00109041 7.29612e-006 1997.58
58 0.0010613 7.38082e-006 2034.84
59 0.00105206 7.46552e-006 2072.11
60 0.00106521 7.55022e-006 2109.37
61 0.00109717 7.63492e-006 2146.64
62 0.00113921 7.71962e-006 2183.9
63 0.00117982 7.80432e-006 2221.16
64 0.0012079 7.88903e-006 2258.43
65 0.00121577 7.97374e-006 2295.69
66 0.00120128 8.05845e-006 2332.96
67 0.00116841 8.14315e-006 2370.22
68 0.00112619 8.22786e-006 2407.49
69 0.00108618 8.31256e-006 2444.75
70 0.00105935 8.39726e-006 2482.02
71 0.00105306 8.48196e-006 2519.28
72 0.00106904 8.56665e-006 2556.55
73 0.00110293 8.65135e-006 2593.81
74 0.00114547 8.73606e-006 2631.08
75 0.00118501 8.82076e-006 2668.34
76 0.00121074 8.90547e-006 2705.61
77 0.00121563 8.99018e-006 2742.87
78 0.00119835 9.07489e-006 2780.14
79 0.00116364 9.15959e-006 2817.4
80 0.00112102 9.2443e-006 2854.66
81 0.00108218 9.329e-006 2891.93
82 0.00105776 9.41369e-006 2929.19
83 0.00105446 9.49839e-006 2966.46
84 0.00107319 9.58309e-006 3003.72
85 0.00110885 9.66779e-006 3040.99
86 0.00115167 9.75249e-006 3078.25
87 0.00118995 9.8372e-006 3115.52
88 0.00121321 9.92191e-006 3152.78
89 0.0012151 1.00066e-005 3190.05
90 0.00119511 1.00913e-005 3227.31
91 0.00115873 1.0176e-005 3264.57
92 0.00111593 1.02607e-005 3301.84
93 0.00107844 1.03454e-005 3339.1
94 0.00105655 1.04301e-005 3376.37
95 0.00105626 1.05148e-005 3413.63
96 0.00107766 1.05995e-005 3450.9
97 0.0011149 1.06842e-005 3488.16
98 0.0011578 1.07689e-005 3525.43
99 0.00119462 1.08536e-005 3562.69
100 0.0012153 1.09383e-005 3599.96
101 0.00121418 1.10231e-005 3637.22
102 0.00119157 1.11078e-005 3674.48
103 0.0011537 1.11925e-005 3711.75
104 0.00111093 1.12772e-005 3749.01
105 0.00107499 1.13619e-005 3786.28
106 0.00105573 1.14466e-005 3823.54
107 0.00105845 1.15313e-005 3860.81
108 0.0010824 1.1616e-005 3898.07
109 0.00112105 1.17007e-005 3935.33
110 0.00116381 1.17854e-005 3972.6
111 0.001199 1.18701e-005 4009.86
112 0.00121699 1.19548e-005 4047.13
113 0.00121286 1.20395e-005 4084.39
114 0.00118777 1.21242e-005 4121.66
115 0.00114858 1.22089e-005 4158.92
116 0.00110605 1.22936e-005 4196.19
117 0.00107183 1.23783e-005 4233.45
118 0.00105531 1.2463e-005 4270.71
119 0.00106102 1.25477e-005 4307.98
120 0.00108741 1.26324e-005 4345.24
121 0.00112727 1.27171e-005 4382.51
122 0.00116969 1.28018e-005 4419.77
123 0.00120307 1.28865e-005 4457.04
124 0.00121828 1.29712e-005 4494.3
125 0.00121118 1.30559e-005 4531.56
126 0.0011837 1.31406e-005 4568.83
127 0.0011434 1.32254e-005 4606.09
128 0.00110132 1.33101e-005 4643.36
129 0.001069 1.33948e-005 4680.62
130 0.00105529 1.34795e-005 4717.89
131 0.00106397 1.35641e-005 4755.15
132 0.00109267 1.36488e-005 4792.42
133 0.00113354 1.37336e-005 4829.68
134 0.00117541 1.38183e-005 4866.94
135 0.00120682 1.3903e-005 4904.21
136 0.00121918 1.39877e-005 4941.47
137 0.00120912 1.40724e-005 4978.74
138 0.00117941 1.41571e-005 5016
139 0.00113819 1.42418e-005 5053.27
140 0.00109677 1.43265e-005 5090.53
141 0.0010665 1.44112e-005 5127.79
142 0.00105568 1.44959e-005 5165.06
143 0.00106728 1.45806e-005 5202.32
144 0.00109814 1.46653e-005 5239.59
145 0.00113983 1.475e-005 5276.85
146 0.00118093 1.48347e-005 5314.12
147 0.00121022 1.49194e-005 5351.38
148 0.00121967 1.50041e-005 5388.64
149 0.00120671 1.50888e-005 5425.91
150 0.00117491 1.51735e-005 5463.17
151 0.00113298 1.52582e-005 5500.44
152 0.00109242 1.53429e-005 5537.7
153 0.00106435 1.54276e-005 5574.96
154 0.00105646 1.55123e-005 5612.23
155 0.00107093 1.5597e-005 5649.49
156 0.00110381 1.56817e-005 5686.76
157 0.00114611 1.57664e-005 5724.02
158 0.00118625 1.58511e-005 5761.29
159 0.00121326 1.59358e-005 5798.55
160 0.00121975 1.60206e-005 5835.81
161 0.00120396 1.61053e-005 5873.08
162 0.00117023 1.619e-005 5910.34
163 0.00112779 1.62747e-005 5947.61
164 0.0010883 1.63594e-005 5984.87
165 0.00106257 1.64441e-005 6022.14
166 0.00105765 1.65288e-005 6059.4
167 0.00107492 1.66135e-005 6096.66
168 0.00110965 1.66982e-005 6133.93
169 0.00115235 1.67829e-005 6171.19
170 0.00119133 1.68676e-005 6208.46
171 0.00121593 1.69523e-005 6245.72
172 0.00121944 1.7037e-005 6282.99
173 0.00120089 1.71217e-005 6320.25
174 0.00116539 1.72064e-005 6357.51
175 0.00112266 1.72911e-005 6394.78
176 0.00108442 1.73758e-005 6432.04
177 0.00106115 1.74605e-005 6469.31
178 0.00105924 1.75452e-005 6506.57
179 0.00107922 1.76299e-005 6543.83
180 0.00111563 1.77146e-005 6581.1
181 0.00115852 1.77993e-005 6618.36
182 0.00119615 1.7884e-005 6655.63
183 0.00121823 1.79687e-005 6692.89
184 0.00121872 1.80534e-005 6730.16
185 0.00119751 1.81382e-005 6767.42
186 0.00116042 1.82229e-005 6804.68
187 0.00111761 1.83076e-005 6841.95
188 0.00108081 1.83923e-005 6879.21
189 0.00106013 1.8477e-005 6916.48
190 0.00106123 1.85617e-005 6953.74
191 0.00108382 1.86464e-005 6991
192 0.00112173 1.87311e-005 7028.27
193 0.0011646 1.88158e-005 7065.53
194 0.00120069 1.89005e-005 7102.8
195 0.00122013 1.89852e-005 7140.06
196 0.00121762 1.90699e-005 7177.33
197 0.00119385 1.91546e-005 7214.59
198 0.00115535 1.92393e-005 7251.85
199 0.00111266 1.9324e-005 7289.12
200 0.0010775 1.94087e-005 7326.38
201 0.0010595 1.94934e-005 7363.65
202 0.0010636 1.95781e-005 7400.91
203 0.00108869 1.96628e-005 7438.17
204 0.00112792 1.97475e-005 7475.44
205 0.00117055 1.98322e-005 7512.7
206 0.00120493 1.99169e-005 7549.97
207 0.00122164 2.00016e-005 7587.23
208 0.00121614 2.00863e-005 7624.5
209 0.00118992 2.01711e-005 7661.76
210 0.0011502 2.02558e-005 7699.02
211 0.00110785 2.03405e-005 7736.29
212 0.00107449 2.04252e-005 7773.55
213 0.00105926 2.05099e-005 7810.82
214 0.00106635 2.05946e-005 7848.08
215 0.00109382 2.06793e-005 7885.34
216 0.00113417 2.0764e-005 7922.61
217 0.00117636 2.08487e-005 7959.87
218 0.00120885 2.09334e-005 7997.14
219 0.00122275 2.10181e-005 8034.4
220 0.00121428 2.11028e-005 8071.67
221 0.00118575 2.11875e-005 8108.93
222 0.001145 2.12722e-005 8146.19
223 0.0011032 2.13569e-005 8183.46
224 0.00107181 2.14416e-005 8220.72
225 0.00105943 2.15263e-005 8257.99
226 0.00106946 2.1611e-005 8295.25
227 0.00109918 2.16957e-005 8332.51
228 0.00114046 2.17804e-005 8369.78
229 0.001182 2.18651e-005 8407.04
230 0.00121244 2.19498e-005 8444.31
231 0.00122346 2.20345e-005 8481.57
232 0.00121206 2.21192e-005 8518.83
233 0.00118136 2.22039e-005 8556.1
234 0.00113979 2.22887e-005 8593.36
235 0.00109874 2.23734e-005 8630.63
236 0.00106947 2.24581e-005 8667.89
237 0.00106 2.25428e-005 8705.16
238 0.00107294 2.26275e-005 8742.42
239 0.00110475 2.27122e-005 8779.68
240 0.00114674 2.27969e-005 8816.95
241 0.00118743 2.28816e-005 8854.21
242 0.00121568 2.29663e-005 8891.48
243 0.00122376 2.3051e-005 8928.74
244 0.00120949 2.31357e-005 8966
245 0.00117677 2.32204e-005 9003.27
246 0.00113458 2.33051e-005 9040.53
247 0.00109449 2.33898e-005 9077.8
248 0.00106749 2.34745e-005 9115.06
249 0.00106097 2.35592e-005 9152.32
250 0.00107675 2.36439e-005 9189.59
251 0.0011105 2.37286e-005 9226.85
252 0.00115301 2.38133e-005 9264.12
253 0.00119264 2.3898e-005 9301.38
254 0.00121855 2.39827e-005 9338.65
255 0.00122366 2.40674e-005 9375.91
256 0.00120659 2.41521e-005 9413.17
257 0.00117201 2.42368e-005 9450.44
258 0.00112942 2.43216e-005 9487.7
259 0.00109048 2.44063e-005 9524.97
260 0.00106587 2.4491e-005 9562.23
261 0.00106235 2.45757e-005 9599.49
262 0.00108088 2.46604e-005 9636.76
263 0.00111641 2.47451e-005 9674.02
264 0.00115922 2.48298e-005 9711.29
265 0.0011976 2.49145e-005 9748.55
266 0.00122105 2.49992e-005 9785.81
267 0.00122316 2.50839e-005 9823.08
268 0.00120337 2.51686e-005 9860.34
269 0.00116711 2.52533e-005 9897.61
270 0.00112432 2.5338e-005 9934.87
271 0.00108672 2.54227e-005 9972.13
272 0.00106464 2.55074e-005 10009.4
273 0.00106412 2.55921e-005 10046.7
274 0.00108532 2.56768e-005 10083.9
275 0.00112245 2.57615e-005 10121.2
276 0.00116536 2.58462e-005 10158.5
277 0.0012023 2.59309e-005 10195.7
278 0.00122317 2.60156e-005 10233
279 0.00122227 2.61003e-005 10270.2
280 0.00119986 2.6185e-005 10307.5
281 0.00116209 2.62698e-005 10344.8
282 0.00111931 2.63545e-005 10382
283 0.00108325 2.64392e-005 10419.3
284 0.0010638 2.65239e-005 10456.6
285 0.00106629 2.66086e-005 10493.8
286 0.00109005 2.66933e-005 10531.1
287 0.0011286 2.6778e-005 10568.4
288 0.00117138 2.68627e-005 10605.6
289 0.0012067 2.69474e-005 10642.9
290 0.00122489 2.70321e-005 10680.2
291 0.00122099 2.71168e-005 10717.4
292 0.00119607 2.72015e-005 10754.7
293 0.00115698 2.72862e-005 10791.9
294 0.00111442 2.73709e-005 10829.2
295 0.00108007 2.74556e-005 10866.5
296 0.00106335 2.75403e-005 10903.7
297 0.00106884 2.7625e-005 10941
298 0.00109505 2.77097e-005 10978.3
299 0.00113482 2.77944e-005 11015.5
300 0.00117728 2.78791e-005 11052.8
301 0.0012108 2.79638e-005 11090.1
302 0.00122622 2.80485e-005 11127.3
303 0.00121933 2.81332e-005 11164.6
304 0.00119203 2.8218e-005 11201.8
305 0.0011518 2.83027e-005 11239.1
306 0.00110968 2.83874e-005 11276.4
307 0.00107721 2.84721e-005 11313.6
308 0.0010633 2.85568e-005 11350.9
309 0.00107176 2.86415e-005 11388.2
310 0.00110029 2.87262e-005 11425.4
311 0.00114109 2.88109e-005 11462.7
312 0.00118301 2.88956e-005 11500
313 0.00121457 2.89803e-005 11537.2
314 0.00122714 2.9065e-005 11574.5
315 0.0012173 2.91497e-005 11611.8
316 0.00118775 2.92344e-005 11649
317 0.00114659 2.93191e-005 11686.3
318 0.00110512 2.94038e-005 11723.5
319 0.00107469 2.94885e-005 11760.8
320 0.00106365 2.95732e-005 11798.1
321 0.00107504 2.96579e-005 11835.3
322 0.00110575 2.97426e-005 11872.6
323 0.00114738 2.98273e-005 11909.9
324 0.00118855 2.9912e-005 11947.1
325 0.00121799 2.99967e-005 11984.4
326 0.00122766 3.00814e-005 12021.7
327 0.00121492 3.01662e-005 12058.9
328 0.00118326 3.02509e-005 12096.2
329 0.00114138 3.03356e-005 12133.5
330 0.00110075 3.04203e-005 12170.7
331 0.00107251 3.0505e-005 12208
332 0.00106441 3.05897e-005 12245.2
333 0.00107867 3.06744e-005 12282.5
334 0.00111141 3.07591e-005 12319.8
335 0.00115366 3.08438e-005 12357
336 0.00119388 3.09285e-005 12394.3
337 0.00122107 3.10132e-005 12431.6
338 0.00122778 3.10979e-005 12468.8
339 0.00121219 3.11826e-005 12506.1
340 0.00117859 3.12673e-005 12543.4
341 0.00113619 3.1352e-005 12580.6
342 0.00109661 3.14367e-005 12617.9
343 0.0010707 3.15214e-005 12655.1
344 0.00106557 3.16061e-005 12692.4
345 0.00108264 3.16908e-005 12729.7
346 0.00111724 3.17755e-005 12766.9
347 0.00115991 3.18602e-005 12804.2
348 0.00119898 3.19449e-005 12841.5
349 0.00122377 3.20296e-005 12878.7
350 0.00122749 3.21144e-005 12916
351 0.00120914 3.21991e-005 12953.3
352 0.00117376 3.22838e-005 12990.5
353 0.00113105 3.23685e-005 13027.8
354 0.00109271 3.24532e-005 13065.1
355 0.00106926 3.25379e-005 13102.3
356 0.00106713 3.26226e-005 13139.6
357 0.00108692 3.27073e-005 13176.8
358 0.00112321 3.2792e-005 13214.1
359 0.00116609 3.28767e-005 13251.4
360 0.00120383 3.29614e-005 13288.6
361 0.00122609 3.30461e-005 13325.9
362 0.00122681 3.31308e-005 13363.2
363 0.00120579 3.32155e-005 13400.4
364 0.0011688 3.33002e-005 13437.7
365 0.00112599 3.33849e-005 13475
366 0.00108908 3.34696e-005 13512.2
367 0.00106821 3.35543e-005 13549.5
368 0.00106909 3.3639e-005 13586.7
369 0.0010915 3.37237e-005 13624
370 0.00112931 3.38084e-005 13661.3
371 0.00117218 3.38931e-005 13698.5
372 0.00120839 3.39779e-005 13735.8
373 0.00122803 3.40626e-005 13773.1
374 0.00122573 3.41473e-005 13810.3
375 0.00120214 3.4232e-005 13847.6
376 0.00116373 3.43167e-005 13884.9
377 0.00112103 3.44014e-005 13922.1
378 0.00108574 3.44861e-005 13959.4
379 0.00106755 3.45708e-005 13996.7
380 0.00107143 3.46555e-005 14033.9
381 0.00109635 3.47402e-005 14071.2
382 0.00113549 3.48249e-005 14108.4
383 0.00117815 3.49096e-005 14145.7
384 0.00121265 3.49943e-005 14183
385 0.00122957 3.5079e-005 14220.2
386 0.00122427 3.51637e-005 14257.5
387 0.00119823 3.52484e-005 14294.8
388 0.00115859 3.53331e-005 14332
389 0.00111621 3.54179e-005 14369.3
390 0.00108271 3.55026e-005 14406.6
391 0.00106728 3.55873e-005 14443.8
392 0.00107416 3.5672e-005 14481.1
393 0.00110146 3.57567e-005 14518.3
394 0.00114174 3.58414e-005 14555.6
395 0.00118397 3.59261e-005 14592.9
396 0.0012166 3.60108e-005 14630.1
397 0.00123071 3.60955e-005 14667.4
398 0.00122244 3.61802e-005 14704.7
399 0.00119408 3.62649e-005 14741.9
400 0.00115339 3.63496e-005 14779.2
401 0.00111155 3.64343e-005 14816.5
402 0.00108001 3.6519e-005 14853.7
403 0.00106742 3.66037e-005 14891
404 0.00107725 3.66884e-005 14928.3
405 0.00110681 3.67731e-005 14965.5
406 0.00114802 3.68578e-005 15002.8
407 0.00118962 3.69425e-005 15040
408 0.00122021 3.70272e-005 15077.3
409 0.00123144 3.71119e-005 15114.6
410 0.00122024 3.71967e-005 15151.8
411 0.0011897 3.72814e-005 15189.1
412 0.00114818 3.73661e-005 15226.4
413 0.00110707 3.74508e-005 15263.6
414 0.00107764 3.75355e-005 15300.9
415 0.00106796 3.76202e-005 15338.2
416 0.0010807 3.77049e-005 15375.4
417 0.00111237 3.77896e-005 15412.7
418 0.00115432 3.78743e-005 15449.9
419 0.00119507 3.7959e-005 15487.2
420 0.00122348 3.80437e-005 15524.5
421 0.00123177 3.81284e-005 15561.7
422 0.0012177 3.82131e-005 15599
423 0.00118512 3.82978e-005 15636.3
424 0.00114297 3.83825e-005 15673.5
425 0.00110281 3.84672e-005 15710.8
426 0.00107563 3.85519e-005 15748.1
427 0.00106891 3.86366e-005 15785.3
428 0.00108449 3.87213e-005 15822.6
429 0.00111811 3.8806e-005 15859.9
430 0.00116059 3.88907e-005 15897.1
431 0.0012003 3.89754e-005 15934.4
432 0.00122638 3.90602e-005 15971.6
433 0.0012317 3.91449e-005 16008.9
434 0.00121482 3.92296e-005 16046.2
435 0.00118037 3.93143e-005 16083.4
436 0.0011378 3.9399e-005 16120.7
437 0.00109877 3.94837e-005 16158
438 0.00107399 3.95684e-005 16195.2
439 0.00107026 3.96531e-005 16232.5
440 0.0010886 3.97378e-005 16269.8
441 0.00112401 3.98225e-005 16307
442 0.00116681 3.99072e-005 16344.3
443 0.00120528 3.99919e-005 16381.5
444 0.00122891 4.00766e-005 16418.8
445 0.00123123 4.01613e-005 16456.1
446 0.00121163 4.0246e-005 16493.3
447 0.00117548 4.03308e-005 16530.6
448 0.00113269 4.04155e-005 16567.9
449 0.001095 4.05002e-005 16605.1
450 0.00107273 4.05849e-005 16642.4
451 0.001072 4.06696e-005 16679.7
452 0.00109302 4.07543e-005 16716.9
453 0.00113004 4.0839e-005 16754.2
454 0.00117295 4.09237e-005 16791.5
455 0.00120999 4.10084e-005 16828.7
456 0.00123105 4.10931e-005 16866
457 0.00123036 4.11778e-005 16903.2
458 0.00120813 4.12625e-005 16940.5
459 0.00117046 4.13472e-005 16977.8
460 0.00112767 4.14319e-005 17015
461 0.0010915 4.15166e-005 17052.3
462 0.00107186 4.16013e-005 17089.6
463 0.00107414 4.1686e-005 17126.8
464 0.00109773 4.17707e-005 17164.1
465 0.00113619 4.18554e-005 17201.4
466 0.00117898 4.19401e-005 17238.6
467 0.00121442 4.20248e-005 17275.9
468 0.0012328 4.21096e-005 17313.1
469 0.00122911 4.21943e-005 17350.4
470 0.00120436 4.2279e-005 17387.7
471 0.00116535 4.23637e-005 17424.9
472 0.00112278 4.24484e-005 17462.2
473 0.0010883 4.25331e-005 17499.5
474 0.00107138 4.26178e-005 17536.7
475 0.00107666 4.27025e-005 17574
476 0.00110271 4.27872e-005 17611.3
477 0.00114241 4.28719e-005 17648.5
478 0.00118489 4.29566e-005 17685.8
479 0.00121854 4.30413e-005 17723.1
480 0.00123416 4.3126e-005 17760.3
481 0.00122747 4.32107e-005 17797.6
482 0.00120033 4.32954e-005 17834.8
483 0.00116018 4.33801e-005 17872.1
484 0.00111803 4.34649e-005 17909.4
485 0.00108542 4.35496e-005 17946.6
486 0.00107131 4.36343e-005 17983.9
487 0.00107956 4.3719e-005 18021.2
488 0.00110794 4.38037e-005 18058.4
489 0.00114867 4.38884e-005 18095.7
490 0.00119063 4.39731e-005 18133
491 0.00122233 4.40578e-005 18170.2
492 0.00123511 4.41425e-005 18207.5
493 0.00122547 4.42272e-005 18244.7
494 0.00119607 4.43119e-005 18282
495 0.00115497 4.43966e-005 18319.3
496 0.00111345 4.44813e-005 18356.5
497 0.00108287 4.4566e-005 18393.8
498 0.00107163 4.46507e-005 18431.1
499 0.00108282 4.47354e-005 18468.3
500 0.00111338 4.48201e-005 18505.6
501 0.00115497 4.49048e-005 18542.9
502 0.00119619 4.49895e-005 18580.1
503 0.00122579 4.50742e-005 18617.4
504 0.00123566 4.5159e-005 18654.7
505 0.00122311 4.52437e-005 18691.9
506 0.0011916 4.53284e-005 18729.2
507 0.00114976 4.54131e-005 18766.4
508 0.00110906 4.54978e-005 18803.7
509 0.00108067 4.55825e-005 18841
510 0.00107236 4.56672e-005 18878.2
511 0.00108643 4.57519e-005 18915.5
512 0.00111903 4.58366e-005 18952.8
513 0.00116125 4.59213e-005 18990
514 0.00120154 4.6006e-005 19027.3
515 0.00122889 4.60907e-005 19064.6
516 0.0012358 4.61754e-005 19101.8
517 0.00122041 4.62601e-005 19139.1
518 0.00118694 4.63448e-005 19176.3
519 0.00114456 4.64295e-005 19213.6
520 0.0011049 4.65143e-005 19250.9
521 0.00107883 4.6599e-005 19288.1
522 0.0010735 4.66837e-005 19325.4
523 0.00109037 4.67684e-005 19362.7
524 0.00112485 4.68531e-005 19399.9
525 0.0011675 4.69378e-005 19437.2
526 0.00120666 4.70225e-005 19474.5
527 0.00123161 4.71072e-005 19511.7
528 0.00123554 4.71919e-005 19549
529 0.00121738 4.72766e-005 19586.3
530 0.00118211 4.73613e-005 19623.5
531 0.00113942 4.7446e-005 19660.8
532 0.00110099 4.75307e-005 19698
533 0.00107737 4.76154e-005 19735.3
534 0.00107503 4.77001e-005 19772.6
535 0.00109463 4.77848e-005 19809.8
536 0.00113082 4.78695e-005 19847.1
537 0.00117369 4.79542e-005 19884.4
538 0.00121152 4.80389e-005 19921.6
539 0.00123396 4.81236e-005 19958.9
540 0.00123489 4.82084e-005 19996.2
541 0.00121404 4.82931e-005 20033.4
542 0.00117716 4.83778e-005 20070.7
543 0.00113435 4.84625e-005 20107.9
544 0.00109734 4.85472e-005 20145.2
545 0.00107629 4.86319e-005 20182.5
546 0.00107696 4.87166e-005 20219.7
547 0.00109919 4.88013e-005 20257
548 0.00113691 4.8886e-005 20294.3
549 0.00117979 4.89707e-005 20331.5
550 0.00121611 4.90554e-005 20368.8
551 0.00123593 4.91401e-005 20406.1
552 0.00123384 4.92248e-005 20443.3
553 0.00121042 4.93095e-005 20480.6
554 0.0011721 4.93943e-005 20517.9
555 0.00112938 4.9479e-005 20555.1
556 0.00109398 4.95637e-005 20592.4
557 0.0010756 4.96484e-005 20629.6
558 0.00107928 4.97331e-005 20666.9
559 0.00110403 4.98178e-005 20704.2
560 0.00114309 4.99025e-005 20741.4
561 0.00118577 4.99872e-005 20778.7
562 0.00122039 5.00719e-005 20816
563 0.00123749 5.01566e-005 20853.2
564 0.0012324 5.02413e-005 20890.5
565 0.00120652 5.0326e-005 20927.8
566 0.00116696 5.04107e-005 20965
567 0.00112455 5.04954e-005 21002.3
568 0.00109093 5.05801e-005 21039.5
569 0.00107531 5.06648e-005 21076.8
570 0.00108198 5.07495e-005 21114.1
571 0.00110913 5.08342e-005 21151.3
572 0.00114934 5.09189e-005 21188.6
573 0.0011916 5.10036e-005 21225.9
574 0.00122436 5.10884e-005 21263.1
575 0.00123866 5.11731e-005 21300.4
576 0.00123059 5.12578e-005 21337.7
577 0.00120238 5.13425e-005 21374.9
578 0.00116176 5.14272e-005 21412.2
579 0.00111987 5.15119e-005 21449.5
580 0.0010882 5.15966e-005 21486.7
581 0.00107542 5.16813e-005 21524
582 0.00108505 5.1766e-005 21561.2
583 0.00111446 5.18507e-005 21598.5
584 0.00115562 5.19354e-005 21635.8
585 0.00119726 5.20201e-005 21673
586 0.001228 5.21048e-005 21710.3
587 0.00123942 5.21895e-005 21747.6
588 0.00122842 5.22743e-005 21784.8
589 0.00119801 5.2359e-005 21822.1
590 0.00115655 5.24437e-005 21859.4
591 0.00111538 5.25284e-005 21896.6
592 0.00108581 5.26131e-005 21933.9
593 0.00107593 5.26978e-005 21971.1
594 0.00108847 5.27825e-005 22008.4
595 0.00112001 5.28672e-005 22045.7
596 0.00116191 5.29519e-005 22082.9
597 0.00120273 5.30366e-005 22120.2
598 0.00123129 5.31213e-005 22157.5
599 0.00123978 5.3206e-005 22194.7
600 0.0012259 5.32907e-005 22232
601 0.00119345 5.33754e-005 22269.3
602 0.00115134 5.34601e-005 22306.5
603 0.0011111 5.35448e-005 22343.8
604 0.00108378 5.36295e-005 22381.1
605 0.00107685 5.37142e-005 22418.3
606 0.00109224 5.3799e-005 22455.6
607 0.00112574 5.38837e-005 22492.8
608 0.00116819 5.39684e-005 22530.1
609 0.00120797 5.40531e-005 22567.4
610 0.00123422 5.41378e-005 22604.6
611 0.00123974 5.42225e-005 22641.9
612 0.00122304 5.43072e-005 22679.2
613 0.00118871 5.43919e-005 22716.4
614 0.00114616 5.44766e-005 22753.7
615 0.00110705 5.45613e-005 22791
616 0.00108211 5.4646e-005 22828.2
617 0.00107817 5.47307e-005 22865.5
618 0.00109634 5.48154e-005 22902.7
619 0.00113163 5.49001e-005 22940
620 0.00117441 5.49848e-005 22977.3
621 0.00121298 5.50695e-005 23014.5
622 0.00123677 5.51543e-005 23051.8
623 0.00123929 5.5239e-005 23089.1
624 0.00121987 5.53237e-005 23126.3
625 0.00118382 5.54084e-005 23163.6
626 0.00114104 5.54931e-005 23200.9
627 0.00110326 5.55778e-005 23238.1
628 0.00108082 5.56625e-005 23275.4
629 0.0010799 5.57472e-005 23312.6
630 0.00110074 5.58319e-005 23349.9
631 0.00113766 5.59166e-005 23387.2
632 0.00118056 5.60013e-005 23424.4
633 0.00121771 5.6086e-005 23461.7
634 0.00123894 5.61707e-005 23499
635 0.00123845 5.62554e-005 23536.2
636 0.00121639 5.63402e-005 23573.5
637 0.00117881 5.64249e-005 23610.8
638 0.00113602 5.65096e-005 23648
639 0.00109974 5.65943e-005 23685.3
640 0.00107992 5.6679e-005 23722.6
641 0.00108201 5.67637e-005 23759.8
642 0.00110543 5.68484e-005 23797.1
643 0.0011438 5.69331e-005 23834.3
644 0.00118661 5.70178e-005 23871.6
645 0.00122216 5.71025e-005 23908.9
646 0.00124072 5.71872e-005 23946.1
647 0.00123722 5.72719e-005 23983.4
648 0.00121264 5.73566e-005 24020.7
649 0.00117371 5.74413e-005 24057.9
650 0.00113111 5.7526e-005 24095.2
651 0.00109652 5.76107e-005 24132.5
652 0.00107942 5.76955e-005 24169.7
653 0.00108451 5.77802e-005 24207
654 0.0011104 5.78649e-005 24244.2
655 0.00115002 5.79496e-005 24281.5
656 0.00119253 5.80343e-005 24318.8
657 0.0012263 5.8119e-005 24356
658 0.0012421 5.82037e-005 24393.3
659 0.00123561 5.82884e-005 24430.6
660 0.00120862 5.83731e-005 24467.8
661 0.00116854 5.84578e-005 24505.1
662 0.00112635 5.85425e-005 24542.4
663 0.00109362 5.86272e-005 24579.6
664 0.00107932 5.87119e-005 24616.9
665 0.00108738 5.87966e-005 24654.2
666 0.00111561 5.88813e-005 24691.4
667 0.00115628 5.8966e-005 24728.7
668 0.00119828 5.90507e-005 24765.9
669 0.00123012 5.91355e-005 24803.2
670 0.00124308 5.92202e-005 24840.5
671 0.00123363 5.93049e-005 24877.7
672 0.00120437 5.93896e-005 24915
673 0.00116333 5.94743e-005 24952.3
674 0.00112176 5.9559e-005 24989.5
675 0.00109104 5.96437e-005 25026.8
676 0.00107962 5.97284e-005 25064.1
677 0.00109062 5.98131e-005 25101.3
678 0.00112104 5.98978e-005 25138.6
679 0.00116258 5.99825e-005 25175.8
680 0.00120386 6.00672e-005 25213.1
681 0.00123359 6.01519e-005 25250.4
682 0.00124365 6.02366e-005 25287.6
683 0.00123129 6.03214e-005 25324.9
684 0.00119991 6.04061e-005 25362.2
685 0.00115811 6.04908e-005 25399.4
686 0.00111736 6.05755e-005 25436.7
687 0.00108882 6.06602e-005 25474
688 0.00108032 6.07449e-005 25511.2
689 0.00109421 6.08296e-005 25548.5
690 0.00112668 6.09143e-005 25585.8
691 0.00116887 6.0999e-005 25623
692 0.00120922 6.10837e-005 25660.3
693 0.00123671 6.11684e-005 25697.5
694 0.00124382 6.12531e-005 25734.8
695 0.00122861 6.13378e-005 25772.1
696 0.00119526 6.14226e-005 25809.3
697 0.00115291 6.15073e-005 25846.6
698 0.00111318 6.1592e-005 25883.9
699 0.00108696 6.16767e-005 25921.1
700 0.00108143 6.17614e-005 25958.4
701 0.00109813 6.18461e-005 25995.7
702 0.00113249 6.19308e-005 26032.9
703 0.00117512 6.20155e-005 26070.2
704 0.00121436 6.21002e-005 26107.4
705 0.00123947 6.21849e-005 26144.7
706 0.00124359 6.22696e-005 26182
707 0.0012256 6.23543e-005 26219.2
708 0.00119044 6.2439e-005 26256.5
709 0.00114776 6.25237e-005 26293.8
710 0.00110925 6.26084e-005 26331
711 0.00108547 6.26931e-005 26368.3
712 0.00108294 6.27778e-005 26405.6
713 0.00110237 6.28625e-005 26442.8
714 0.00113845 6.29473e-005 26480.1
715 0.00118132 6.3032e-005 26517.4
716 0.00121924 6.31167e-005 26554.6
717 0.00124184 6.32014e-005 26591.9
718 0.00124296 6.32861e-005 26629.1
719 0.00122228 6.33708e-005 26666.4
720 0.0011855 6.34555e-005 26703.7
721 0.00114268 6.35402e-005 26740.9
722 0.00110558 6.36249e-005 26778.2
723 0.00108436 6.37096e-005 26815.5
724 0.00108485 6.37943e-005 26852.7
725 0.00110691 6.3879e-005 26890
726 0.00114454 6.39637e-005 26927.3
727 0.00118742 6.40484e-005 26964.5
728 0.00122384 6.41332e-005 27001.8
729 0.00124383 6.42179e-005 27039
730 0.00124193 6.43026e-005 27076.3
731 0.00121867 6.43873e-005 27113.6
732 0.00118044 6.4472e-005 27150.8
733 0.00113771 6.45567e-005 27188.1
734 0.0011022 6.46414e-005 27225.4
735 0.00108365 6.47261e-005 27262.6
736 0.00108714 6.48108e-005 27299.9
737 0.00111174 6.48955e-005 27337.2
738 0.00115071 6.49802e-005 27374.4
739 0.00119341 6.50649e-005 27411.7
740 0.00122815 6.51496e-005 27448.9
741 0.00124542 6.52343e-005 27486.2
742 0.00124052 6.53191e-005 27523.5
743 0.00121479 6.54038e-005 27560.7
744 0.0011753 6.54885e-005 27598
745 0.00113287 6.55732e-005 27635.3
746 0.00109913 6.56579e-005 27672.5
747 0.00108333 6.57426e-005 27709.8
748 0.00108982 6.58273e-005 27747.1
749 0.00111682 6.5912e-005 27784.3
750 0.00115696 6.59967e-005 27821.6
751 0.00119926 6.60814e-005 27858.9
752 0.00123214 6.61661e-005 27896.1
753 0.00124662 6.62508e-005 27933.4
754 0.00123873 6.63355e-005 27970.6
755 0.00121066 6.64203e-005 28007.9
756 0.00117011 6.6505e-005 28045.2
757 0.00112818 6.65897e-005 28082.4
758 0.00109638 6.66744e-005 28119.7
759 0.00108342 6.67591e-005 28157
760 0.00109286 6.68438e-005 28194.2
761 0.00112214 6.69285e-005 28231.5
762 0.00116324 6.70132e-005 28268.8
763 0.00120493 6.70979e-005 28306
764 0.0012358 6.71826e-005 28343.3
765 0.0012474 6.72673e-005 28380.5
766 0.00123658 6.7352e-005 28417.8
767 0.00120631 6.74367e-005 28455.1
768 0.00116489 6.75215e-005 28492.3
769 0.00112367 6.76062e-005 28529.6
770 0.00109396 6.76909e-005 28566.9
771 0.00108391 6.77756e-005 28604.1
772 0.00109627 6.78603e-005 28641.4
773 0.00112767 6.7945e-005 28678.7
774 0.00116954 6.80297e-005 28715.9
775 0.00121041 6.81144e-005 28753.2
776 0.00123911 6.81991e-005 28790.5
777 0.00124779 6.82838e-005 28827.7
778 0.00123408 6.83685e-005 28865
779 0.00120175 6.84532e-005 28902.2
780 0.00115967 6.85379e-005 28939.5
781 0.00111938 6.86226e-005 28976.8
782 0.00109191 6.87073e-005 29014
783 0.0010848 6.8792e-005 29051.3
784 0.00110002 6.88768e-005 29088.6
785 0.0011334 6.89615e-005 29125.8
786 0.00117582 6.90462e-005 29163.1
787 0.00121567 6.91309e-005 29200.4
788 0.00124206 6.92156e-005 29237.6
789 0.00124777 6.93003e-005 29274.9
790 0.00123124 6.9385e-005 29312.1
791 0.00119702 6.94697e-005 29349.4
792 0.00115449 6.95544e-005 29386.7
793 0.00111531 6.96391e-005 29423.9
794 0.00109022 6.97238e-005 29461.2
795 0.0010861 6.98085e-005 29498.5
796 0.00110409 6.98932e-005 29535.7
797 0.00113928 6.99779e-005 29573
798 0.00118205 7.00626e-005 29610.3
799 0.00122069 7.01474e-005 29647.5
800 0.00124464 7.02321e-005 29684.8
801 0.00124735 7.03168e-005 29722.1
802 0.00122809 7.04015e-005 29759.3
803 0.00119214 7.04862e-005 29796.6
804 0.00114937 7.05709e-005 29833.8
805 0.0011115 7.06556e-005 29871.1
806 0.00108891 7.07403e-005 29908.4
807 0.00108779 7.0825e-005 29945.6
808 0.00110848 7.09097e-005 29982.9
809 0.0011453 7.09944e-005 30020.2
810 0.00118821 7.10791e-005 30057.4
811 0.00122544 7.11638e-005 30094.7
812 0.00124683 7.12486e-005 30132
813 0.00124653 7.13333e-005 30169.2
814 0.00122463 7.1418e-005 30206.5
815 0.00118714 7.15027e-005 30243.7
816 0.00114434 7.15874e-005 30281
817 0.00110796 7.16721e-005 30318.3
818 0.00108799 7.17568e-005 30355.5
819 0.00108988 7.18415e-005 30392.8
820 0.00111316 7.19262e-005 30430.1
821 0.00115144 7.20109e-005 30467.3
822 0.00119426 7.20956e-005 30504.6
823 0.00122991 7.21803e-005 30541.9
824 0.00124864 7.2265e-005 30579.1
825 0.00124532 7.23498e-005 30616.4
826 0.00122089 7.24345e-005 30653.6
827 0.00118204 7.25192e-005 30690.9
828 0.00113942 7.26039e-005 30728.2
829 0.00110472 7.26886e-005 30765.4
830 0.00108746 7.27733e-005 30802.7
831 0.00109236 7.2858e-005 30840
832 0.0011181 7.29427e-005 30877.2
833 0.00115765 7.30274e-005 30914.5
834 0.00120019 7.31121e-005 30951.8
835 0.00123407 7.31968e-005 30989
836 0.00125004 7.32815e-005 31026.3
837 0.00124373 7.33663e-005 31063.6
838 0.00121689 7.3451e-005 31100.8
839 0.00117687 7.35357e-005 31138.1
840 0.00113465 7.36204e-005 31175.3
841 0.0011018 7.37051e-005 31212.6
842 0.00108733 7.37898e-005 31249.9
843 0.00109521 7.38745e-005 31287.1
844 0.0011233 7.39592e-005 31324.4
845 0.00116392 7.40439e-005 31361.7
846 0.00120596 7.41286e-005 31398.9
847 0.00123791 7.42133e-005 31436.2
848 0.00125104 7.4298e-005 31473.5
849 0.00124177 7.43827e-005 31510.7
850 0.00121265 7.44675e-005 31548
851 0.00117166 7.45522e-005 31585.2
852 0.00113004 7.46369e-005 31622.5
853 0.00109921 7.47216e-005 31659.8
854 0.0010876 7.48063e-005 31697
855 0.00109843 7.4891e-005 31734.3
856 0.00112873 7.49757e-005 31771.6
857 0.00117021 7.50604e-005 31808.8
858 0.00121154 7.51451e-005 31846.1
859 0.00124141 7.52298e-005 31883.4
860 0.00125164 7.53145e-005 31920.6
861 0.00123946 7.53992e-005 31957.9
862 0.0012082 7.5484e-005 31995.2
863 0.00116644 7.55687e-005 32032.4
864 0.00112563 7.56534e-005 32069.7
865 0.00109696 7.57381e-005 32106.9
866 0.00108828 7.58228e-005 32144.2
867 0.001102 7.59075e-005 32181.5
868 0.00113435 7.59922e-005 32218.7
869 0.00117651 7.60769e-005 32256
870 0.00121692 7.61616e-005 32293.3
871 0.00124455 7.62463e-005 32330.5
872 0.00125184 7.6331e-005 32367.8
873 0.00123679 7.64157e-005 32405.1
874 0.00120356 7.65004e-005 32442.3
875 0.00116124 7.65852e-005 32479.6
876 0.00112144 7.66699e-005 32516.8
877 0.00109507 7.67546e-005 32554.1
878 0.00108937 7.68393e-005 32591.4
879 0.0011059 7.6924e-005 32628.6
880 0.00114016 7.70087e-005 32665.9
881 0.00118277 7.70934e-005 32703.2
882 0.00122207 7.71781e-005 32740.4
883 0.00124733 7.72628e-005 32777.7
884 0.00125163 7.73475e-005 32815
885 0.0012338 7.74322e-005 32852.2
886 0.00119875 7.75169e-005 32889.5
887 0.00115608 7.76016e-005 32926.7
888 0.00111749 7.76864e-005 32964
889 0.00109356 7.77711e-005 33001.3
890 0.00109086 7.78558e-005 33038.5
891 0.00111013 7.79405e-005 33075.8
892 0.00114611 7.80252e-005 33113.1
893 0.00118897 7.81099e-005 33150.3
894 0.00122697 7.81946e-005 33187.6
895 0.00124973 7.82793e-005 33224.9
896 0.00125102 7.8364e-005 33262.1
897 0.0012305 7.84487e-005 33299.4
898 0.00119381 7.85334e-005 33336.7
899 0.001151 7.86181e-005 33373.9
900 0.00111381 7.87028e-005 33411.2
901 0.00109243 7.87875e-005 33448.4
902 0.00109274 7.88723e-005 33485.7
903 0.00111465 7.8957e-005 33523
904 0.00115219 7.90417e-005 33560.2
905 0.00119508 7.91264e-005 33597.5
906 0.00123159 7.92111e-005 33634.8
907 0.00125174 7.92958e-005 33672
908 0.00125002 7.93805e-005 33709.3
909 0.00122691 7.94652e-005 33746.6
910 0.00118875 7.95499e-005 33783.8
911 0.00114601 7.96346e-005 33821.1
912 0.00111041 7.97193e-005 33858.3
913 0.00109169 7.9804e-005 33895.6
914 0.00109501 7.98887e-005 33932.9
915 0.00111946 7.99734e-005 33970.1
916 0.00115836 8.00582e-005 34007.4
917 0.00120108 8.01429e-005 34044.7
918 0.00123592 8.02276e-005 34081.9
919 0.00125336 8.03123e-005 34119.2
920 0.00124863 8.0397e-005 34156.5
921 0.00122304 8.04817e-005 34193.7
922 0.00118362 8.05664e-005 34231
923 0.00114116 8.06511e-005 34268.3
924 0.00110731 8.07358e-005 34305.5
925 0.00109135 8.08205e-005 34342.8
926 0.00109767 8.09052e-005 34380
927 0.00112453 8.09899e-005 34417.3
928 0.00116461 8.10747e-005 34454.6
929 0.00120693 8.11594e-005 34491.8
930 0.00123993 8.12441e-005 34529.1
931 0.00125457 8.13288e-005 34566.4
932 0.00124686 8.14135e-005 34603.6
933 0.00121892 8.14982e-005 34640.9
934 0.00117842 8.15829e-005 34678.2
935 0.00113646 8.16676e-005 34715.4
936 0.00110454 8.17523e-005 34752.7
937 0.00109142 8.1837e-005 34789.9
938 0.00110069 8.19217e-005 34827.2
939 0.00112984 8.20064e-005 34864.5
940 0.00117089 8.20911e-005 34901.7
941 0.00121262 8.21759e-005 34939
942 0.00124361 8.22606e-005 34976.3
943 0.00125538 8.23453e-005 35013.5
944 0.00124473 8.243e-005 35050.8
945 0.00121458 8.25147e-005 35088.1
946 0.00117321 8.25994e-005 35125.3
947 0.00113194 8.26841e-005 35162.6
948 0.00110211 8.27688e-005 35199.8
949 0.00109188 8.28535e-005 35237.1
950 0.00110408 8.29382e-005 35274.4
951 0.00113536 8.30229e-005 35311.6
952 0.00117719 8.31076e-005 35348.9
953 0.00121812 8.31924e-005 35386.2
954 0.00124694 8.32771e-005 35423.4
955 0.00125579 8.33618e-005 35460.7
956 0.00124225 8.34465e-005 35498
957 0.00121004 8.35312e-005 35535.2
958 0.00116799 8.36159e-005 35572.5
959 0.00112763 8.37006e-005 35609.8
960 0.00110003 8.37853e-005 35647
961 0.00109275 8.387e-005 35684.3
962 0.00110781 8.39547e-005 35721.5
963 0.00114108 8.40394e-005 35758.8
964 0.00118347 8.41241e-005 35796.1
965 0.00122339 8.42089e-005 35833.3
966 0.00124992 8.42936e-005 35870.6
967 0.00125579 8.43783e-005 35907.9
968 0.00123943 8.4463e-005 35945.1
969 0.00120531 8.45477e-005 35982.4
970 0.0011628 8.46324e-005 36019.7
971 0.00112355 8.47171e-005 36056.9
972 0.00109832 8.48018e-005 36094.2
973 0.00109403 8.48865e-005 36131.4
974 0.00111186 8.49712e-005 36168.7
975 0.00114696 8.50559e-005 36206
976 0.00118971 8.51406e-005 36243.2
977 0.00122842 8.52254e-005 36280.5
978 0.00125252 8.53101e-005 36317.8
979 0.0012554 8.53948e-005 36355
980 0.00123629 8.54795e-005 36392.3
981 0.00120044 8.55642e-005 36429.6
982 0.00115768 8.56489e-005 36466.8
983 0.00111972 8.57336e-005 36504.1
984 0.00109699 8.58183e-005 36541.4
985 0.0010957 8.5903e-005 36578.6
986 0.00111623 8.59877e-005 36615.9
987 0.00115297 8.60724e-005 36653.1
988 0.00119587 8.61571e-005 36690.4
989 0.00123319 8.62419e-005 36727.7
990 0.00125473 8.63266e-005 36764.9
991 0.0012546 8.64113e-005 36802.2
992 0.00123285 8.6496e-005 36839.5
993 0.00119544 8.65807e-005 36876.7
994 0.00115264 8.66654e-005 36914
995 0.00111617 8.67501e-005 36951.3
996 0.00109604 8.68348e-005 36988.5
997 0.00109777 8.69195e-005 37025.8
998 0.0011209 8.70042e-005 37063
999 0.0011591 8.70889e-005 37100.3
1000 0.00120193 8.71736e-005 37137.6
