1 1.19889e-007 8.45324e-013 0.995133
2 4.51042e-007 1.69265e-012 0.980614
3 9.08556e-007 2.5413e-012 0.957118
4 1.365e-006 3.38507e-012 0.927049
5 1.68573e-006 4.22906e-012 0.89586
6 1.77157e-006 5.07905e-012 0.872096
7 1.59047e-006 5.92837e-012 0.864258
8 1.18824e-006 6.77414e-012 0.875573
9 6.76843e-007 7.61791e-012 0.902053
10 2.04129e-007 8.45946e-012 0.935987
11 8.80884e-008 9.303e-012 0.970226
12 1.07722e-007 1.01497e-011 0.999837
13 1.54895e-007 1.09992e-011 1.02178
14 6.20902e-007 1.18454e-011 1.03411
15 1.15418e-006 1.26912e-011 1.03542
16 1.61166e-006 1.35396e-011 1.02489
17 1.87703e-006 1.43885e-011 1.00317
18 1.87857e-006 1.5232e-011 0.97388
19 1.60652e-006 1.60778e-011 0.944368
20 1.1224e-006 1.69276e-011 0.92396
21 5.4817e-007 1.77751e-011 0.91986
22 3.62194e-008 1.86191e-011 0.933609
23 2.70827e-007 1.94675e-011 0.961247
24 2.79094e-007 2.03166e-011 0.99622
25 2.84345e-008 2.11624e-011 1.032
26 5.80822e-007 2.20119e-011 1.0632
27 1.22874e-006 2.28553e-011 1.0857
28 1.78217e-006 2.37033e-011 1.09662
29 2.07938e-006 2.45528e-011 1.09427
30 2.04746e-006 2.53964e-011 1.07858
31 1.7081e-006 2.6243e-011 1.05209
32 1.15323e-006 2.70903e-011 1.02056
33 5.21795e-007 2.79359e-011 0.992043
34 2.84012e-008 2.8781e-011 0.974454
35 3.57062e-007 2.96323e-011 0.972766
36 3.76905e-007 3.04816e-011 0.987433
37 7.68431e-008 3.13229e-011 1.01475
38 4.73961e-007 3.2172e-011 1.04852
39 1.14098e-006 3.302e-011 1.08183
40 1.75211e-006 3.38638e-011 1.10846
41 2.13423e-006 3.47162e-011 1.12386
42 2.16572e-006 3.5566e-011 1.12561
43 1.83553e-006 3.64091e-011 1.11343
44 1.25026e-006 3.72538e-011 1.08919
45 5.79479e-007 3.80984e-011 1.05712
46 1.1263e-009 3.8946e-011 1.02336
47 3.48643e-007 3.97926e-011 0.99499
48 3.82044e-007 4.06406e-011 0.978469
49 9.94409e-008 4.14886e-011 0.977909
50 4.22896e-007 4.23432e-011 0.993469
51 1.05108e-006 4.31872e-011 1.02091
52 1.62789e-006 4.4033e-011 1.05286
53 2.00981e-006 4.48794e-011 1.08125
54 2.09614e-006 4.57283e-011 1.0998
55 1.85149e-006 4.65772e-011 1.10521
56 1.33116e-006 4.74247e-011 1.09699
57 6.85152e-007 4.82734e-011 1.07654
58 1.04936e-007 4.91212e-011 1.04661
59 2.49575e-007 4.99674e-011 1.01131
60 2.93555e-007 5.08105e-011 0.976013
61 3.03187e-008 5.16558e-011 0.947139
62 4.56964e-007 5.24991e-011 0.931218
63 1.03108e-006 5.33449e-011 0.932625
64 1.53869e-006 5.41922e-011 0.950788
65 1.85097e-006 5.50409e-011 0.979453
66 1.89582e-006 5.58855e-011 1.00945
67 1.67151e-006 5.67306e-011 1.03282
68 1.23985e-006 5.75811e-011 1.0451
69 7.09642e-007 5.8427e-011 1.04513
70 2.21206e-007 5.92704e-011 1.03363
71 8.35451e-008 6.01188e-011 1.01206
72 1.12516e-007 6.09659e-011 0.98251
73 1.39386e-007 6.18161e-011 0.948023
74 5.9131e-007 6.26645e-011 0.91333
75 1.10648e-006 6.35132e-011 0.885204
76 1.53514e-006 6.43612e-011 0.871261
77 1.75746e-006 6.52127e-011 0.876189
78 1.71605e-006 6.60578e-011 0.897884
79 1.43063e-006 6.69078e-011 0.928292
80 9.90687e-007 6.77565e-011 0.95841
81 5.26607e-007 6.86018e-011 0.982101
82 1.68172e-007 6.94496e-011 0.996582
83 8.03822e-009 7.0298e-011 1.00116
84 8.54067e-008 7.11442e-011 0.995934
85 3.83149e-007 7.19917e-011 0.9812
86 8.25934e-007 7.28433e-011 0.957693
87 1.29096e-006 7.36948e-011 0.927567
88 1.64146e-006 7.45453e-011 0.895684
89 1.76997e-006 7.53952e-011 0.870039
90 1.63255e-006 7.6247e-011 0.859354
91 1.2628e-006 7.70968e-011 0.867905
92 7.63312e-007 7.79405e-011 0.892559
93 2.7794e-007 7.87928e-011 0.925609
94 4.86972e-008 7.96381e-011 0.959495
95 1.15064e-007 8.04827e-011 0.988999
96 1.02432e-007 8.13289e-011 1.01105
97 5.38863e-007 8.21725e-011 1.02384
98 1.06628e-006 8.30169e-011 1.02609
99 1.54164e-006 8.38591e-011 1.01695
100 1.84311e-006 8.47067e-011 0.996704
