1 6.17192e-007 9.50612e-008 0.979755
2 1.38031e-006 2.10591e-007 0.955637
3 2.42642e-006 3.5835e-007 0.92484
4 4.06565e-006 5.6493e-007 0.881513
5 7.06736e-006 9.16207e-007 0.811212
6 1.95341e-005 2.35846e-006 0.583668
7 2.11077e-005 5.18657e-006 1.55828
8 0.000386759 6.94814e-006 17.6465
9 0.000384841 6.94814e-006 41.1736
10 0.000384319 6.94814e-006 64.6725
11 0.000384075 6.94814e-006 88.1613
12 0.000383933 6.94814e-006 111.645
13 0.000383841 6.94814e-006 135.125
14 0.000383776 6.94814e-006 158.603
15 0.000383728 6.94814e-006 182.08
16 0.000383691 6.94814e-006 205.555
17 0.000383661 6.94814e-006 229.029
18 0.000383637 6.94814e-006 252.503
19 0.000383618 6.94814e-006 275.976
20 0.000383601 6.94814e-006 299.448
21 0.000383586 6.94814e-006 322.92
22 0.000383574 6.94814e-006 346.392
23 0.000383563 6.94814e-006 369.863
24 0.000383553 6.94814e-006 393.334
25 0.000383545 6.94814e-006 416.805
26 0.000383537 6.94814e-006 440.276
27 0.000383531 6.94814e-006 463.746
28 0.000383524 6.94814e-006 487.216
29 0.000383519 6.94814e-006 510.686
30 0.000383514 6.94814e-006 534.156
31 0.000383509 6.94814e-006 557.626
32 0.000383505 6.94814e-006 581.095
33 0.000383501 6.94814e-006 604.565
34 0.000383497 6.94814e-006 628.034
35 0.000383494 6.94814e-006 651.503
36 0.000383491 6.94814e-006 674.973
37 0.000383488 6.94814e-006 698.442
38 0.000383485 6.94814e-006 721.911
39 0.000383482 6.94814e-006 745.38
40 0.00038348 6.94814e-006 768.848
41 0.000383478 6.94814e-006 792.317
42 0.000383476 6.94814e-006 815.786
43 0.000383473 6.94814e-006 839.255
44 0.000383472 6.94814e-006 862.723
45 0.00038347 6.94814e-006 886.192
46 0.000383468 6.94814e-006 909.66
47 0.000383466 6.94814e-006 933.129
48 0.000383465 6.94814e-006 956.597
49 0.000383463 6.94814e-006 980.065
50 0.000383462 6.94814e-006 1003.53
51 0.000383461 6.94814e-006 1027
52 0.000383459 6.94814e-006 1050.47
53 0.000383458 6.94814e-006 1073.94
54 0.000383457 6.94814e-006 1097.41
55 0.000383456 6.94814e-006 1120.87
56 0.000383455 6.94814e-006 1144.34
57 0.000383454 6.94814e-006 1167.81
58 0.000383453 6.94814e-006 1191.28
59 0.000383452 6.94814e-006 1214.75
60 0.000383451 6.94814e-006 1238.22
61 0.00038345 6.94814e-006 1261.68
62 0.000383449 6.94814e-006 1285.15
63 0.000383448 6.94814e-006 1308.62
64 0.000383447 6.94814e-006 1332.09
65 0.000383447 6.94814e-006 1355.55
66 0.000383446 6.94814e-006 1379.02
67 0.000383445 6.94814e-006 1402.49
68 0.000383444 6.94814e-006 1425.96
69 0.000383444 6.94814e-006 1449.43
70 0.000383443 6.94814e-006 1472.89
71 0.000383443 6.94814e-006 1496.36
72 0.000383442 6.94814e-006 1519.83
73 0.000383441 6.94814e-006 1543.3
74 0.000383441 6.94814e-006 1566.76
75 0.00038344 6.94814e-006 1590.23
76 0.00038344 6.94814e-006 1613.7
77 0.000383439 6.94814e-006 1637.17
78 0.000383439 6.94814e-006 1660.64
79 0.000383438 6.94814e-006 1684.1
80 0.000383438 6.94814e-006 1707.57
81 0.000383437 6.94814e-006 1731.04
82 0.000383437 6.94814e-006 1754.51
83 0.000383436 6.94814e-006 1777.97
84 0.000383436 6.94814e-006 1801.44
85 0.000383435 6.94814e-006 1824.91
86 0.000383435 6.94814e-006 1848.38
87 0.000383435 6.94814e-006 1871.84
88 0.000383434 6.94814e-006 1895.31
89 0.000383434 6.94814e-006 1918.78
90 0.000383433 6.94814e-006 1942.25
91 0.000383433 6.94814e-006 1965.71
92 0.000383433 6.94814e-006 1989.18
93 0.000383432 6.94814e-006 2012.65
94 0.000383432 6.94814e-006 2036.12
95 0.000383432 6.94814e-006 2059.58
96 0.000383431 6.94814e-006 2083.05
97 0.000383431 6.94814e-006 2106.52
98 0.000383431 6.94814e-006 2129.99
99 0.00038343 6.94814e-006 2153.45
100 0.00038343 6.94814e-006 2176.92
