1 1.55657e-006 8.47411e-011 1.19041
2 6.57638e-006 1.69448e-010 1.52179
3 1.42133e-005 2.54717e-010 1.7812
4 0.00636565 6.89162e-007 19.5709
5 0.00636445 6.89247e-007 111.321
6 0.00635773 6.89332e-007 203.062
7 0.00634576 6.89416e-007 294.8
8 0.00633172 6.89501e-007 386.538
9 0.00631941 6.89586e-007 478.275
10 0.00631219 6.89671e-007 570.011
11 0.00631202 6.89755e-007 661.748
12 0.00631895 6.8984e-007 753.484
13 0.00633107 6.89925e-007 845.22
14 0.00634507 6.90009e-007 936.956
15 0.0063571 6.90094e-007 1028.69
16 0.00636388 6.90179e-007 1120.43
17 0.00636354 6.90263e-007 1212.16
18 0.00635617 6.90348e-007 1303.9
19 0.0063438 6.90433e-007 1395.63
20 0.00632981 6.90517e-007 1487.37
21 0.00631802 6.90602e-007 1579.11
22 0.00631168 6.90687e-007 1670.84
23 0.0063125 6.90771e-007 1762.58
24 0.00632027 6.90856e-007 1854.31
25 0.00633286 6.90941e-007 1946.05
26 0.00634683 6.91025e-007 2037.78
27 0.00635833 6.9111e-007 2129.52
28 0.00636424 6.91195e-007 2221.25
29 0.00636292 6.91279e-007 2312.99
30 0.00635474 6.91364e-007 2404.73
31 0.00634194 6.91449e-007 2496.46
32 0.00632802 6.91533e-007 2588.2
33 0.0063168 6.91618e-007 2679.93
34 0.00631134 6.91703e-007 2771.67
35 0.00631315 6.91788e-007 2863.4
36 0.00632172 6.91872e-007 2955.14
37 0.00633471 6.91957e-007 3046.87
38 0.00634856 6.92042e-007 3138.61
39 0.00635948 6.92126e-007 3230.34
40 0.00636448 6.92211e-007 3322.08
41 0.00636219 6.92296e-007 3413.81
42 0.00635324 6.9238e-007 3505.55
43 0.00634007 6.92465e-007 3597.28
44 0.0063263 6.9255e-007 3689.02
45 0.00631569 6.92634e-007 3780.75
46 0.00631115 6.92719e-007 3872.49
47 0.00631392 6.92804e-007 3964.23
48 0.00632325 6.92888e-007 4055.96
49 0.00633658 6.92973e-007 4147.7
50 0.00635025 6.93058e-007 4239.43
51 0.00636053 6.93143e-007 4331.17
52 0.0063646 6.93227e-007 4422.9
53 0.00636135 6.93312e-007 4514.64
54 0.00635166 6.93397e-007 4606.37
55 0.00633819 6.93481e-007 4698.11
56 0.00632463 6.93566e-007 4789.84
57 0.00631469 6.93651e-007 4881.58
58 0.00631109 6.93735e-007 4973.31
59 0.00631482 6.9382e-007 5065.05
60 0.00632486 6.93905e-007 5156.78
61 0.00633845 6.93989e-007 5248.52
62 0.00635188 6.94074e-007 5340.25
63 0.00636147 6.94159e-007 5431.99
64 0.00636459 6.94244e-007 5523.72
65 0.00636039 6.94328e-007 5615.46
66 0.00635002 6.94413e-007 5707.19
67 0.00633631 6.94498e-007 5798.93
68 0.00632303 6.94582e-007 5890.66
69 0.0063138 6.94667e-007 5982.4
70 0.00631116 6.94752e-007 6074.13
71 0.00631583 6.94836e-007 6165.87
72 0.00632653 6.94921e-007 6257.61
73 0.00634033 6.95006e-007 6349.34
74 0.00635345 6.9509e-007 6441.08
75 0.00636229 6.95175e-007 6532.81
76 0.00636445 6.9526e-007 6624.55
77 0.00635932 6.95344e-007 6716.28
78 0.00634831 6.95429e-007 6808.02
79 0.00633444 6.95514e-007 6899.75
80 0.0063215 6.95599e-007 6991.49
81 0.00631304 6.95683e-007 7083.22
82 0.00631137 6.95768e-007 7174.96
83 0.00631695 6.95853e-007 7266.69
84 0.00632826 6.95937e-007 7358.43
85 0.00634219 6.96022e-007 7450.16
86 0.00635493 6.96107e-007 7541.9
87 0.006363 6.96191e-007 7633.63
88 0.00636418 6.96276e-007 7725.37
89 0.00635815 6.96361e-007 7817.1
90 0.00634656 6.96446e-007 7908.84
91 0.00633259 6.9653e-007 8000.57
92 0.00632005 6.96615e-007 8092.31
93 0.0063124 6.967e-007 8184.04
94 0.00631171 6.96784e-007 8275.78
95 0.00631818 6.96869e-007 8367.51
96 0.00633003 6.96954e-007 8459.25
97 0.00634403 6.97038e-007 8550.98
98 0.00635633 6.97123e-007 8642.72
99 0.00636358 6.97208e-007 8734.45
100 0.00636377 6.97293e-007 8826.19
