1 6.05459e-007 9.53198e-008 0.979664
2 1.36298e-006 2.11159e-007 0.955478
3 2.37356e-006 3.59329e-007 0.924807
4 3.87605e-006 5.66495e-007 0.88178
5 6.69969e-006 9.18812e-007 0.811147
6 2.30863e-005 2.38802e-006 0.580079
7 1.62472e-005 4.53693e-006 3.43875
8 1.62379e-005 4.53706e-006 4.26839
9 1.62275e-005 4.53719e-006 2.87262
10 1.81966e-005 7.76346e-006 2.92235
11 1.82669e-005 7.76358e-006 4.89124
12 1.85152e-005 7.7638e-006 5.23627
13 1.90075e-005 7.76393e-006 4.12154
14 1.39415e-006 4.92962e-006 0.452572
15 0.00100123 1.07452e-005 19.5995
16 0.00100123 1.07453e-005 55.601
17 0.00100098 1.07455e-005 91.5859
18 0.00100053 1.07456e-005 127.566
19 0.00100002 1.07457e-005 163.543
20 0.000999585 1.07458e-005 199.519
21 0.000999344 1.0746e-005 235.494
22 0.000999362 1.07461e-005 271.468
23 0.000999635 1.07462e-005 307.441
24 0.00100009 1.07464e-005 343.414
25 0.0010006 1.07465e-005 379.387
26 0.00100102 1.07466e-005 415.359
27 0.00100125 1.07467e-005 451.332
28 0.00100121 1.07469e-005 487.304
29 0.00100092 1.0747e-005 523.275
30 0.00100046 1.07471e-005 559.247
31 0.000999956 1.07472e-005 595.219
32 0.00099954 1.07474e-005 631.19
33 0.000999331 1.07475e-005 667.162
34 0.000999385 1.07476e-005 703.133
35 0.000999688 1.07477e-005 739.104
36 0.00100016 1.07479e-005 775.075
37 0.00100066 1.0748e-005 811.046
38 0.00100107 1.07481e-005 847.017
39 0.00100126 1.07482e-005 882.988
40 0.00100119 1.07484e-005 918.959
41 0.00100087 1.07485e-005 954.93
42 0.0010004 1.07486e-005 990.901
43 0.000999892 1.07488e-005 1026.87
44 0.000999499 1.07489e-005 1062.84
45 0.000999323 1.0749e-005 1098.81
46 0.000999413 1.07491e-005 1134.78
47 0.000999745 1.07493e-005 1170.75
48 0.00100023 1.07494e-005 1206.73
49 0.00100073 1.07495e-005 1242.7
50 0.00100111 1.07496e-005 1278.67
51 0.00100127 1.07498e-005 1314.64
52 0.00100116 1.07499e-005 1350.61
53 0.00100081 1.075e-005 1386.58
54 0.00100033 1.07501e-005 1422.55
55 0.000999831 1.07503e-005 1458.52
56 0.000999462 1.07504e-005 1494.49
57 0.000999321 1.07505e-005 1530.46
58 0.000999446 1.07507e-005 1566.43
59 0.000999804 1.07508e-005 1602.4
60 0.0010003 1.07509e-005 1638.37
61 0.00100079 1.0751e-005 1674.34
62 0.00100115 1.07512e-005 1710.31
63 0.00100127 1.07513e-005 1746.28
64 0.00100113 1.07514e-005 1782.25
65 0.00100076 1.07515e-005 1818.22
66 0.00100026 1.07517e-005 1854.19
67 0.000999772 1.07518e-005 1890.16
68 0.000999429 1.07519e-005 1926.13
69 0.000999323 1.0752e-005 1962.1
70 0.000999483 1.07522e-005 1998.07
71 0.000999866 1.07523e-005 2034.04
72 0.00100037 1.07524e-005 2070.01
73 0.00100085 1.07525e-005 2105.98
74 0.00100118 1.07527e-005 2141.95
75 0.00100127 1.07528e-005 2177.92
76 0.00100109 1.07529e-005 2213.9
77 0.00100069 1.07531e-005 2249.87
78 0.00100019 1.07532e-005 2285.84
79 0.000999716 1.07533e-005 2321.81
80 0.0009994 1.07534e-005 2357.78
81 0.00099933 1.07536e-005 2393.75
82 0.000999524 1.07537e-005 2429.72
83 0.00099993 1.07538e-005 2465.69
84 0.00100044 1.07539e-005 2501.66
85 0.0010009 1.07541e-005 2537.63
86 0.00100121 1.07542e-005 2573.6
87 0.00100126 1.07543e-005 2609.57
88 0.00100105 1.07544e-005 2645.54
89 0.00100063 1.07546e-005 2681.51
90 0.00100012 1.07547e-005 2717.48
91 0.000999663 1.07548e-005 2753.45
92 0.000999376 1.0755e-005 2789.42
93 0.000999342 1.07551e-005 2825.39
94 0.000999569 1.07552e-005 2861.36
95 0.000999995 1.07553e-005 2897.33
96 0.0010005 1.07555e-005 2933.3
97 0.00100096 1.07556e-005 2969.27
98 0.00100123 1.07557e-005 3005.24
99 0.00100125 1.07558e-005 3041.21
100 0.001001 1.0756e-005 3077.18
