1 7.32397e-007 1.02299e-007 0.978134
2 1.77421e-006 2.28704e-007 0.949782
3 3.20751e-006 3.95062e-007 0.907424
4 5.32871e-006 6.42004e-007 0.844685
5 9.77617e-006 1.13897e-006 0.767441
6 5.42183e-006 4.91132e-006 1.31282
7 5.47506e-006 4.91168e-006 1.73972
8 0.000803148 7.45472e-006 23.9234
9 0.000803398 7.45476e-006 56.0839
10 0.000803683 7.4548e-006 88.2291
11 0.000803924 7.45484e-006 120.369
12 0.000804053 7.45488e-006 152.506
13 0.000804035 7.45493e-006 184.641
14 0.000803876 7.45497e-006 216.775
15 0.000803619 7.45501e-006 248.909
16 0.000803334 7.45505e-006 281.041
17 0.0008031 7.45509e-006 313.173
18 0.000802981 7.45514e-006 345.305
19 0.00080301 7.45518e-006 377.436
20 0.000803178 7.45522e-006 409.567
21 0.000803441 7.45526e-006 441.698
22 0.000803724 7.4553e-006 473.829
23 0.000803952 7.45535e-006 505.959
24 0.00080406 7.45539e-006 538.09
25 0.00080402 7.45543e-006 570.22
26 0.000803842 7.45547e-006 602.35
27 0.000803575 7.45551e-006 634.48
28 0.000803293 7.45556e-006 666.61
29 0.000803073 7.4556e-006 698.739
30 0.000802976 7.45564e-006 730.869
31 0.000803027 7.45568e-006 762.999
32 0.000803214 7.45572e-006 795.128
33 0.000803485 7.45577e-006 827.258
34 0.000803765 7.45581e-006 859.387
35 0.000803977 7.45585e-006 891.516
36 0.000804064 7.45589e-006 923.646
37 0.000804001 7.45593e-006 955.775
38 0.000803806 7.45598e-006 987.904
39 0.000803532 7.45602e-006 1020.03
40 0.000803254 7.45606e-006 1052.16
41 0.00080305 7.4561e-006 1084.29
42 0.000802974 7.45614e-006 1116.42
43 0.000803048 7.45619e-006 1148.55
44 0.000803252 7.45623e-006 1180.68
45 0.000803529 7.45627e-006 1212.81
46 0.000803803 7.45631e-006 1244.94
47 0.000804 7.45635e-006 1277.07
48 0.000804064 7.4564e-006 1309.19
49 0.000803979 7.45644e-006 1341.32
50 0.000803768 7.45648e-006 1373.45
51 0.000803488 7.45652e-006 1405.58
52 0.000803217 7.45657e-006 1437.71
53 0.000803029 7.45661e-006 1469.84
54 0.000802976 7.45665e-006 1501.97
55 0.000803072 7.45669e-006 1534.1
56 0.000803291 7.45673e-006 1566.22
57 0.000803573 7.45678e-006 1598.35
58 0.00080384 7.45682e-006 1630.48
59 0.000804019 7.45686e-006 1662.61
60 0.000804061 7.4569e-006 1694.74
61 0.000803954 7.45694e-006 1726.87
62 0.000803728 7.45699e-006 1759
63 0.000803445 7.45703e-006 1791.13
64 0.000803182 7.45707e-006 1823.25
65 0.000803012 7.45711e-006 1855.38
66 0.000802981 7.45715e-006 1887.51
67 0.000803099 7.4572e-006 1919.64
68 0.000803332 7.45724e-006 1951.77
69 0.000803616 7.45728e-006 1983.9
70 0.000803875 7.45732e-006 2016.03
71 0.000804035 7.45736e-006 2048.15
72 0.000804055 7.45741e-006 2080.28
73 0.000803927 7.45745e-006 2112.41
74 0.000803687 7.45749e-006 2144.54
75 0.000803402 7.45753e-006 2176.67
76 0.000803149 7.45757e-006 2208.8
77 0.000802998 7.45762e-006 2240.93
78 0.00080299 7.45766e-006 2273.05
79 0.000803128 7.4577e-006 2305.18
80 0.000803374 7.45774e-006 2337.31
81 0.000803659 7.45778e-006 2369.44
82 0.000803907 7.45783e-006 2401.57
83 0.000804048 7.45787e-006 2433.7
84 0.000804044 7.45791e-006 2465.82
85 0.000803897 7.45795e-006 2497.95
86 0.000803645 7.45799e-006 2530.08
87 0.00080336 7.45804e-006 2562.21
88 0.000803118 7.45808e-006 2594.34
89 0.000802987 7.45812e-006 2626.47
90 0.000803003 7.45816e-006 2658.6
91 0.00080316 7.4582e-006 2690.72
92 0.000803417 7.45825e-006 2722.85
93 0.000803702 7.45829e-006 2754.98
94 0.000803937 7.45833e-006 2787.11
95 0.000804058 7.45837e-006 2819.24
96 0.000804031 7.45842e-006 2851.37
97 0.000803864 7.45846e-006 2883.49
98 0.000803602 7.4585e-006 2915.62
99 0.000803319 7.45854e-006 2947.75
100 0.00080309 7.45858e-006 2979.88
