1 1.01456e-005 8.47061e-008 1.19045
2 3.8757e-005 1.69524e-007 1.52168
3 7.10754e-005 3.01395e-007 1.43651
4 0.00119109 2.80685e-006 22.3377
5 0.00121131 2.89156e-006 59.6587
6 0.00121121 2.97627e-006 96.9502
7 0.00118964 3.06098e-006 134.232
8 0.00115235 3.14568e-006 171.51
9 0.00110948 3.23038e-006 208.784
10 0.00107276 3.31508e-006 246.057
11 0.00105224 3.39978e-006 283.329
12 0.00105354 3.48448e-006 320.6
13 0.0010763 3.56918e-006 357.87
14 0.0011143 3.65388e-006 395.139
15 0.00115714 3.73858e-006 432.408
16 0.0011931 3.82329e-006 469.676
17 0.00121234 3.90799e-006 506.945
18 0.00120959 3.9927e-006 544.212
19 0.00118563 4.07741e-006 581.48
20 0.00114702 4.16212e-006 618.747
21 0.00110435 4.24682e-006 656.014
22 0.00106931 4.33152e-006 693.281
23 0.00105151 4.41622e-006 730.548
24 0.00105584 4.50091e-006 767.815
25 0.00108111 4.58561e-006 805.081
26 0.00112043 4.67031e-006 842.348
27 0.00116303 4.75501e-006 879.614
28 0.00119727 4.83972e-006 916.88
29 0.00121377 4.92443e-006 954.146
30 0.00120803 5.00914e-006 991.412
31 0.00118164 5.09384e-006 1028.68
32 0.00114183 5.17855e-006 1065.94
33 0.00109951 5.26325e-006 1103.21
34 0.00106629 5.34795e-006 1140.48
35 0.00105128 5.43265e-006 1177.74
36 0.00105859 5.51735e-006 1215.01
37 0.00108623 5.60204e-006 1252.27
38 0.00112666 5.68675e-006 1289.54
39 0.00116881 5.77145e-006 1326.8
40 0.00120114 5.85616e-006 1364.07
41 0.00121483 5.94086e-006 1401.33
42 0.00120613 6.02557e-006 1438.6
43 0.00117743 6.11028e-006 1475.86
44 0.00113661 6.19499e-006 1513.13
45 0.00109486 6.27969e-006 1550.4
46 0.00106362 6.36439e-006 1587.66
47 0.00105146 6.44908e-006 1624.93
48 0.00106172 6.53378e-006 1662.19
49 0.0010916 6.61848e-006 1699.46
50 0.00113293 6.70318e-006 1736.72
51 0.00117441 6.78789e-006 1773.99
52 0.0012047 6.87259e-006 1811.25
53 0.0012155 6.9573e-006 1848.52
54 0.00120387 7.04201e-006 1885.78
55 0.00117302 7.12672e-006 1923.05
56 0.00113139 7.21142e-006 1960.31
57 0.00109041 7.29612e-006 1997.58
58 0.0010613 7.38082e-006 2034.84
59 0.00105206 7.46552e-006 2072.11
60 0.00106521 7.55022e-006 2109.37
61 0.00109717 7.63492e-006 2146.64
62 0.00113921 7.71962e-006 2183.9
63 0.00117982 7.80432e-006 2221.16
64 0.0012079 7.88903e-006 2258.43
65 0.00121577 7.97374e-006 2295.69
66 0.00120128 8.05845e-006 2332.96
67 0.00116841 8.14315e-006 2370.22
68 0.00112619 8.22786e-006 2407.49
69 0.00108618 8.31256e-006 2444.75
70 0.00105935 8.39726e-006 2482.02
71 0.00105306 8.48196e-006 2519.28
72 0.00106904 8.56665e-006 2556.55
73 0.00110293 8.65135e-006 2593.81
74 0.00114547 8.73606e-006 2631.08
75 0.00118501 8.82076e-006 2668.34
76 0.00121074 8.90547e-006 2705.61
77 0.00121563 8.99018e-006 2742.87
78 0.00119835 9.07489e-006 2780.14
79 0.00116364 9.15959e-006 2817.4
80 0.00112102 9.2443e-006 2854.66
81 0.00108218 9.329e-006 2891.93
82 0.00105776 9.41369e-006 2929.19
83 0.00105446 9.49839e-006 2966.46
84 0.00107319 9.58309e-006 3003.72
85 0.00110885 9.66779e-006 3040.99
86 0.00115167 9.75249e-006 3078.25
87 0.00118995 9.8372e-006 3115.52
88 0.00121321 9.92191e-006 3152.78
89 0.0012151 1.00066e-005 3190.05
90 0.00119511 1.00913e-005 3227.31
91 0.00115873 1.0176e-005 3264.57
92 0.00111593 1.02607e-005 3301.84
93 0.00107844 1.03454e-005 3339.1
94 0.00105655 1.04301e-005 3376.37
95 0.00105626 1.05148e-005 3413.63
96 0.00107766 1.05995e-005 3450.9
97 0.0011149 1.06842e-005 3488.16
98 0.0011578 1.07689e-005 3525.43
99 0.00119462 1.08536e-005 3562.69
100 0.0012153 1.09383e-005 3599.96
