1 9.58485e-010 8.89943e-013 0.999909
2 3.82551e-009 1.78084e-012 0.999655
3 8.11324e-009 2.67349e-012 0.9993
4 1.26368e-008 3.56817e-012 0.998938
5 1.59897e-008 4.46455e-012 0.998673
6 1.71094e-008 5.36184e-012 0.998584
7 1.56395e-008 6.25903e-012 0.998696
8 1.20417e-008 7.15517e-012 0.998976
9 7.45074e-009 8.04959e-012 0.999342
10 3.28226e-009 8.94212e-012 0.999689
11 6.53217e-010 9.83307e-012 0.999926
12 4.11762e-011 1.07231e-011 0.999997
13 1.19045e-009 1.16131e-011 0.999885
14 4.29464e-009 1.25042e-011 0.999616
15 8.6888e-009 1.33971e-011 0.999255
16 1.31292e-008 1.4292e-011 0.9989
17 1.62279e-008 1.51885e-011 0.998651
18 1.70007e-008 1.60859e-011 0.998584
19 1.51986e-008 1.6983e-011 0.998718
20 1.13861e-008 1.7879e-011 0.999013
21 6.76367e-009 1.87732e-011 0.999382
22 2.74642e-009 1.96655e-011 0.999721
23 3.75213e-010 2.05563e-011 0.999941
24 4.37306e-011 2.14463e-011 0.999991
25 1.45922e-009 2.23364e-011 0.99986
26 4.78773e-009 2.32277e-011 0.999576
27 9.26432e-009 2.41208e-011 0.999211
28 1.3596e-008 2.5016e-011 0.998862
29 1.64226e-008 2.59127e-011 0.998632
30 1.6844e-008 2.68101e-011 0.998588
31 1.47196e-008 2.77071e-011 0.998743
32 1.07139e-008 2.86029e-011 0.999051
33 6.08606e-009 2.94969e-011 0.999422
34 2.24072e-009 3.03891e-011 0.999752
35 1.35398e-010 3.12797e-011 0.999954
36 7.61761e-012 3.21697e-011 0.999983
37 1.76376e-009 3.30599e-011 0.999833
38 5.30197e-009 3.39513e-011 0.999536
39 9.8362e-009 3.48447e-011 0.999167
40 1.40342e-008 3.57401e-011 0.998827
41 1.65724e-008 3.66369e-011 0.998615
42 1.66396e-008 3.75343e-011 0.998594
43 1.42047e-008 3.84313e-011 0.99877
44 1.00284e-008 3.93269e-011 0.99909
45 5.42121e-009 4.02207e-011 0.999461
46 1.76718e-009 4.11127e-011 0.99978
47 6.57472e-011 4.20033e-011 0.999965
48 6.71133e-011 4.28932e-011 0.999973
49 2.10279e-009 4.37835e-011 0.999804
50 5.83438e-009 4.46752e-011 0.999494
51 1.04009e-008 4.55688e-011 0.999123
52 1.44409e-008 4.64644e-011 0.998793
53 1.6676e-008 4.73614e-011 0.9986
54 1.63884e-008 4.82588e-011 0.998602
55 1.36565e-008 4.91557e-011 0.998798
56 9.33324e-009 5.00511e-011 0.99913
57 4.77234e-009 5.09447e-011 0.9995
58 1.32758e-009 5.18365e-011 0.999807
59 2.27875e-010 5.2727e-011 0.999973
60 1.80301e-010 5.36169e-011 0.999961
61 2.47479e-009 5.45074e-011 0.999773
62 6.3818e-009 5.53993e-011 0.999452
63 1.09549e-008 5.62932e-011 0.99908
64 1.48136e-008 5.71889e-011 0.998761
65 1.67325e-008 5.8086e-011 0.998589
66 1.60913e-008 5.89835e-011 0.998614
67 1.30775e-008 5.98802e-011 0.998828
68 8.63173e-009 6.07755e-011 0.999169
69 4.14256e-009 6.16689e-011 0.999538
70 9.23514e-010 6.25605e-011 0.999832
71 3.50754e-010 6.34509e-011 0.999979
72 3.31652e-010 6.43409e-011 0.999947
73 2.87799e-009 6.52314e-011 0.999741
74 6.94098e-009 6.61235e-011 0.999409
75 1.14946e-008 6.70177e-011 0.999038
76 1.51497e-008 6.79136e-011 0.998732
77 1.67411e-008 6.88108e-011 0.99858
78 1.57495e-008 6.97082e-011 0.998627
79 1.24707e-008 7.06049e-011 0.99886
80 7.92743e-009 7.15e-011 0.999209
81 3.53484e-009 7.23932e-011 0.999574
82 5.56336e-010 7.32847e-011 0.999855
83 4.34257e-010 7.4175e-011 0.999983
84 5.20723e-010 7.50649e-011 0.99993
85 3.31036e-009 7.59557e-011 0.999707
86 7.50854e-009 7.6848e-011 0.999367
87 1.20167e-008 7.77424e-011 0.998998
88 1.54469e-008 7.86386e-011 0.998704
89 1.67014e-008 7.95358e-011 0.998573
90 1.53646e-008 8.04332e-011 0.998643
91 1.18389e-008 8.13298e-011 0.998893
92 7.22385e-009 8.22247e-011 0.99925
93 2.95199e-009 8.31177e-011 0.99961
94 2.27197e-010 8.4009e-011 0.999876
95 4.78356e-010 8.48992e-011 0.999985
96 7.46902e-010 8.57893e-011 0.999912
97 3.76966e-009 8.66801e-011 0.999672
98 8.08102e-009 8.75727e-011 0.999324
99 1.25179e-008 8.84673e-011 0.998958
100 1.57032e-008 8.93636e-011 0.998679
