1 1.06469e-008 9.2521e-012 0.999129
2 4.18922e-008 1.85131e-011 0.996687
3 8.79178e-008 2.7791e-011 0.993219
4 1.36065e-007 3.70892e-011 0.98961
5 1.71563e-007 4.6406e-011 0.986871
6 1.83268e-007 5.57334e-011 0.985817
7 1.67426e-007 6.50607e-011 0.98677
8 1.28867e-007 7.43773e-011 0.98944
9 7.9539e-008 8.36761e-011 0.99303
10 3.45587e-008 9.29556e-011 0.996533
11 6.43549e-009 1.02219e-010 0.999053
12 2.5161e-010 1.11472e-010 1.00002
13 1.53256e-008 1.20724e-010 0.99925
14 4.95266e-008 1.29985e-010 0.996888
15 9.63357e-008 1.39262e-010 0.99346
16 1.43021e-007 1.48559e-010 0.989835
17 1.75243e-007 1.57875e-010 0.987029
18 1.8272e-007 1.67202e-010 0.985875
19 1.628e-007 1.7653e-010 0.986726
20 1.21376e-007 1.85847e-010 0.989323
21 7.11391e-008 1.95147e-010 0.992892
22 2.74776e-008 2.04427e-010 0.996429
23 2.67123e-009 2.13691e-010 0.999025
24 1.02393e-009 2.22945e-010 1.00009
25 2.04451e-008 2.32197e-010 0.999421
26 5.74017e-008 2.41456e-010 0.997141
27 1.04718e-007 2.50732e-010 0.993755
28 1.49671e-007 2.60029e-010 0.990118
29 1.78432e-007 2.69344e-010 0.987247
30 1.81633e-007 2.78671e-010 0.985993
31 1.57739e-007 2.87999e-010 0.986741
32 1.13673e-007 2.97316e-010 0.989262
33 6.28109e-008 3.06617e-010 0.992806
34 2.07273e-008 3.15898e-010 0.996374
35 6.02555e-010 3.25163e-010 0.999045
36 2.31234e-009 3.34417e-010 1.00021
37 2.59809e-008 3.43669e-010 0.999641
38 6.54811e-008 3.52928e-010 0.997445
39 1.13027e-007 3.62203e-010 0.994104
40 1.55985e-007 3.71499e-010 0.990458
41 1.81115e-007 3.80813e-010 0.987524
42 1.80013e-007 3.9014e-010 0.98617
43 1.52266e-007 3.99468e-010 0.986813
44 1.05795e-007 4.08786e-010 0.989256
45 5.45929e-008 4.18088e-010 0.992772
46 1.43385e-008 4.2737e-010 0.996368
47 3.37166e-009 4.36636e-010 0.999113
48 4.10961e-009 4.4589e-010 1.00038
49 3.19064e-008 4.55142e-010 0.99991
50 7.37274e-008 4.64401e-010 0.997799
51 1.21223e-007 4.73675e-010 0.994506
52 1.61933e-007 4.8297e-010 0.990854
53 1.8328e-007 4.92283e-010 0.987859
54 1.77867e-007 5.01609e-010 0.986406
55 1.46407e-007 5.10937e-010 0.986942
56 9.77798e-008 5.20257e-010 0.989304
57 4.65233e-008 5.29559e-010 0.992788
58 8.34013e-009 5.38842e-010 0.996409
59 5.62437e-009 5.48108e-010 0.999226
60 6.40603e-009 5.57363e-010 1.00059
61 3.8193e-008 5.66615e-010 1.00022
62 8.21024e-008 5.75873e-010 0.998202
63 1.2927e-007 5.85147e-010 0.994959
64 1.67489e-007 5.9444e-010 0.991305
65 1.84919e-007 6.03753e-010 0.98825
66 1.75207e-007 6.13079e-010 0.986699
67 1.40191e-007 6.22407e-010 0.987127
68 8.9664e-008 6.31727e-010 0.989405
69 3.86393e-008 6.4103e-010 0.992854
70 2.75906e-009 6.50314e-010 0.996497
71 7.35153e-009 6.59581e-010 0.999384
72 9.18939e-009 6.68837e-010 1.00085
73 4.48104e-008 6.78089e-010 1.00058
74 9.05669e-008 6.87346e-010 0.998651
75 1.37131e-007 6.96619e-010 0.995462
76 1.72628e-007 7.05911e-010 0.991807
77 1.86024e-007 7.15223e-010 0.988696
78 1.72047e-007 7.24548e-010 0.987047
79 1.33647e-007 7.33877e-010 0.987366
80 8.14864e-008 7.43197e-010 0.989556
81 3.09775e-008 7.52502e-010 0.992966
82 2.37982e-009 7.61786e-010 0.996629
83 8.54661e-009 7.71054e-010 0.999584
84 1.24451e-008 7.8031e-010 1.00114
85 5.17262e-008 7.89562e-010 1.00099
86 9.90817e-008 7.98819e-010 0.999143
87 1.4477e-007 8.08091e-010 0.99601
88 1.77326e-007 8.17383e-010 0.992358
89 1.86591e-007 8.26693e-010 0.989193
90 1.68401e-007 8.36018e-010 0.987448
91 1.26807e-007 8.45346e-010 0.987656
92 7.32858e-008 8.54667e-010 0.989756
93 2.35732e-008 8.63972e-010 0.993124
94 7.05382e-009 8.73258e-010 0.996802
95 9.20573e-009 8.82527e-010 0.999823
96 1.6156e-008 8.91783e-010 1.00148
97 5.89069e-008 9.01035e-010 1.00143
98 1.07607e-007 9.10292e-010 0.999677
99 1.52152e-007 9.19563e-010 0.996602
100 1.81564e-007 9.28853e-010 0.992956
