1 5.25429e-007 1.05287e-007 0.97888
2 1.02982e-006 2.31601e-007 0.954172
3 1.68774e-006 3.9129e-007 0.924712
4 2.85001e-006 6.11751e-007 0.884211
5 5.50485e-006 9.82613e-007 0.809561
6 2.71007e-005 2.80043e-006 0.538978
7 0.000550171 1.67312e-005 19.7946
8 0.000549801 1.67401e-005 46.1496
9 0.000549307 1.6749e-005 72.4821
10 0.000548808 1.67578e-005 98.8067
11 0.00054844 1.67667e-005 125.127
12 0.000548305 1.67756e-005 151.445
13 0.000548439 1.67845e-005 177.761
14 0.000548808 1.67934e-005 204.075
15 0.000549311 1.68023e-005 230.389
16 0.000549812 1.68112e-005 256.702
17 0.000550175 1.68201e-005 283.014
18 0.000550301 1.68289e-005 309.326
19 0.000550158 1.68378e-005 335.638
20 0.000549785 1.68467e-005 361.949
21 0.000549287 1.68556e-005 388.26
22 0.0005488 1.68645e-005 414.57
23 0.00054846 1.68734e-005 440.881
24 0.00054836 1.68823e-005 467.191
25 0.00054853 1.68912e-005 493.501
26 0.000548924 1.69e-005 519.81
27 0.000549435 1.69089e-005 546.12
28 0.000549925 1.69178e-005 572.429
29 0.000550261 1.69267e-005 598.739
30 0.000550352 1.69356e-005 625.048
31 0.000550175 1.69445e-005 651.357
32 0.000549779 1.69534e-005 677.666
33 0.000549274 1.69623e-005 703.975
34 0.000548799 1.69712e-005 730.284
35 0.000548487 1.698e-005 756.593
36 0.000548423 1.69889e-005 782.902
37 0.000548627 1.69978e-005 809.21
38 0.000549043 1.70067e-005 835.519
39 0.00054956 1.70156e-005 861.827
40 0.000550037 1.70245e-005 888.136
41 0.000550344 1.70334e-005 914.444
42 0.0005504 1.70423e-005 940.753
43 0.000550189 1.70511e-005 967.061
44 0.000549771 1.706e-005 993.369
45 0.000549261 1.70689e-005 1019.68
46 0.000548802 1.70778e-005 1045.99
47 0.000548518 1.70867e-005 1072.29
48 0.000548491 1.70956e-005 1098.6
49 0.000548727 1.71045e-005 1124.91
50 0.000549165 1.71134e-005 1151.22
51 0.000549684 1.71223e-005 1177.53
52 0.000550146 1.71311e-005 1203.83
53 0.000550423 1.714e-005 1230.14
54 0.000550442 1.71489e-005 1256.45
55 0.000550199 1.71578e-005 1282.76
56 0.000549761 1.71667e-005 1309.07
57 0.00054925 1.71756e-005 1335.37
58 0.000548807 1.71845e-005 1361.68
59 0.000548555 1.71934e-005 1387.99
60 0.000548563 1.72022e-005 1414.3
61 0.000548832 1.72111e-005 1440.61
62 0.000549288 1.722e-005 1466.91
63 0.000549808 1.72289e-005 1493.22
64 0.000550251 1.72378e-005 1519.53
65 0.000550497 1.72467e-005 1545.84
66 0.00055048 1.72556e-005 1572.14
67 0.000550205 1.72645e-005 1598.45
68 0.00054975 1.72734e-005 1624.76
69 0.00054924 1.72822e-005 1651.07
70 0.000548816 1.72911e-005 1677.38
71 0.000548596 1.73e-005 1703.68
72 0.000548641 1.73089e-005 1729.99
73 0.000548939 1.73178e-005 1756.3
74 0.000549412 1.73267e-005 1782.61
75 0.00054993 1.73356e-005 1808.91
76 0.000550353 1.73445e-005 1835.22
77 0.000550566 1.73534e-005 1861.53
78 0.000550513 1.73622e-005 1887.84
79 0.000550209 1.73711e-005 1914.14
80 0.000549738 1.738e-005 1940.45
81 0.000549232 1.73889e-005 1966.76
82 0.000548829 1.73978e-005 1993.07
83 0.000548642 1.74067e-005 2019.37
84 0.000548723 1.74156e-005 2045.68
85 0.00054905 1.74245e-005 2071.99
86 0.000549537 1.74333e-005 2098.3
87 0.00055005 1.74422e-005 2124.6
88 0.000550451 1.74511e-005 2150.91
89 0.000550631 1.746e-005 2177.22
90 0.000550542 1.74689e-005 2203.53
91 0.000550209 1.74778e-005 2229.83
92 0.000549726 1.74867e-005 2256.14
93 0.000549225 1.74956e-005 2282.45
94 0.000548846 1.75045e-005 2308.76
95 0.000548693 1.75133e-005 2335.06
96 0.000548809 1.75222e-005 2361.37
97 0.000549164 1.75311e-005 2387.68
98 0.000549663 1.754e-005 2413.99
99 0.000550169 1.75489e-005 2440.29
100 0.000550545 1.75578e-005 2466.6
