1 5.07619e-012 8.07896e-013 1
2 1.01524e-011 1.61579e-012 1
3 1.52286e-011 2.42369e-012 0.999999
4 2.03048e-011 3.23159e-012 0.999999
5 2.5381e-011 4.03949e-012 0.999999
6 3.04573e-011 4.84739e-012 0.999999
7 3.55335e-011 5.65529e-012 0.999999
8 4.06097e-011 6.4632e-012 0.999999
9 4.5686e-011 7.2711e-012 0.999998
10 5.07622e-011 8.07901e-012 0.999998
11 5.58385e-011 8.88692e-012 0.999998
12 6.09147e-011 9.69483e-012 0.999998
13 6.5991e-011 1.05027e-011 0.999998
14 7.10673e-011 1.13106e-011 0.999998
15 7.61436e-011 1.21186e-011 0.999997
16 8.12199e-011 1.29265e-011 0.999997
17 8.62962e-011 1.37344e-011 0.999997
18 9.13725e-011 1.45423e-011 0.999997
19 9.64488e-011 1.53502e-011 0.999997
20 1.01525e-010 1.61581e-011 0.999997
21 1.06601e-010 1.69661e-011 0.999996
22 1.11678e-010 1.7774e-011 0.999996
23 1.16754e-010 1.85819e-011 0.999996
24 1.2183e-010 1.93898e-011 0.999996
25 1.26907e-010 2.01977e-011 0.999996
26 1.31983e-010 2.10057e-011 0.999996
27 1.3706e-010 2.18136e-011 0.999995
28 1.42136e-010 2.26215e-011 0.999995
29 1.47212e-010 2.34295e-011 0.999995
30 1.52289e-010 2.42374e-011 0.999995
31 1.57365e-010 2.50453e-011 0.999995
32 1.62441e-010 2.58532e-011 0.999995
33 1.67518e-010 2.66612e-011 0.999994
34 1.72594e-010 2.74691e-011 0.999994
35 1.77671e-010 2.82771e-011 0.999994
36 1.82747e-010 2.9085e-011 0.999994
37 1.87824e-010 2.98929e-011 0.999994
38 1.929e-010 3.07009e-011 0.999993
39 1.97976e-010 3.15088e-011 0.999993
40 2.03053e-010 3.23167e-011 0.999993
41 2.08129e-010 3.31247e-011 0.999993
42 2.13206e-010 3.39326e-011 0.999993
43 2.18282e-010 3.47406e-011 0.999993
44 2.23359e-010 3.55485e-011 0.999992
45 2.28435e-010 3.63565e-011 0.999992
46 2.33512e-010 3.71644e-011 0.999992
47 2.38588e-010 3.79724e-011 0.999992
48 2.43665e-010 3.87803e-011 0.999992
49 2.48741e-010 3.95883e-011 0.999992
50 2.53818e-010 4.03962e-011 0.999991
51 2.58894e-010 4.12042e-011 0.999991
52 2.63971e-010 4.20121e-011 0.999991
53 2.69047e-010 4.28201e-011 0.999991
54 2.74124e-010 4.36281e-011 0.999991
55 2.79201e-010 4.4436e-011 0.999991
56 2.84277e-010 4.5244e-011 0.99999
57 2.89354e-010 4.60519e-011 0.99999
58 2.9443e-010 4.68599e-011 0.99999
59 2.99507e-010 4.76679e-011 0.99999
60 3.04583e-010 4.84758e-011 0.99999
61 3.0966e-010 4.92838e-011 0.99999
62 3.14737e-010 5.00918e-011 0.999989
63 3.19813e-010 5.08997e-011 0.999989
64 3.2489e-010 5.17077e-011 0.999989
65 3.29967e-010 5.25157e-011 0.999989
66 3.35043e-010 5.33236e-011 0.999989
67 3.4012e-010 5.41316e-011 0.999989
68 3.45196e-010 5.49396e-011 0.999988
69 3.50273e-010 5.57476e-011 0.999988
70 3.5535e-010 5.65555e-011 0.999988
71 3.60426e-010 5.73635e-011 0.999988
72 3.65503e-010 5.81715e-011 0.999988
73 3.7058e-010 5.89795e-011 0.999987
74 3.75657e-010 5.97875e-011 0.999987
75 3.80733e-010 6.05954e-011 0.999987
76 3.8581e-010 6.14034e-011 0.999987
77 3.90887e-010 6.22114e-011 0.999987
78 3.95963e-010 6.30194e-011 0.999987
79 4.0104e-010 6.38274e-011 0.999986
80 4.06117e-010 6.46354e-011 0.999986
81 4.11194e-010 6.54434e-011 0.999986
82 4.1627e-010 6.62514e-011 0.999986
83 4.21347e-010 6.70594e-011 0.999986
84 4.26424e-010 6.78673e-011 0.999986
85 4.31501e-010 6.86753e-011 0.999985
86 4.36577e-010 6.94833e-011 0.999985
87 4.41654e-010 7.02913e-011 0.999985
88 4.46731e-010 7.10993e-011 0.999985
89 4.51808e-010 7.19073e-011 0.999985
90 4.56885e-010 7.27153e-011 0.999985
91 4.61961e-010 7.35233e-011 0.999984
92 4.67038e-010 7.43313e-011 0.999984
93 4.72115e-010 7.51393e-011 0.999984
94 4.77192e-010 7.59473e-011 0.999984
95 4.82269e-010 7.67553e-011 0.999984
96 4.87345e-010 7.75634e-011 0.999984
97 4.92422e-010 7.83714e-011 0.999983
98 4.97499e-010 7.91794e-011 0.999983
99 5.02576e-010 7.99874e-011 0.999983
100 5.07653e-010 8.07954e-011 0.999983
