0 0 0 0 0 1 0 
0.004 0 0 0.999684 0.0251301 
0.008 0 0 0.998737 0.0502443 
0.012 0 0 0.997159 0.0753268 
0.016 0 0 0.994951 0.100362 
0.02 0 0 0.992115 0.125333 
0.024 0 0 0.988652 0.150226 
0.028 0 0 0.984564 0.175023 
0.032 0 0 0.979855 0.19971 
0.036 0 0 0.974527 0.224271 
0.04 0 0 0.968583 0.24869 
0.044 0 0 0.962028 0.272952 
0.048 0 0 0.954865 0.297042 
0.052 0 0 0.947098 0.320944 
0.056 0 0 0.938734 0.344643 
0.06 0 0 0.929776 0.368125 
0.064 0 0 0.920232 0.391374 
0.068 0 0 0.910106 0.414376 
0.072 0 0 0.899405 0.437116 
0.076 0 0 0.888136 0.45958 
0.08 0 0 0.876307 0.481754 
0.084 0 0 0.863923 0.503623 
0.088 0 0 0.850994 0.525175 
0.092 0 0 0.837528 0.546394 
0.096 0 0 0.823533 0.567269 
0.1 0 0 0.809017 0.587785 
0.104 0 0 0.79399 0.60793 
0.108 0 0 0.778462 0.627691 
0.112 0 0 0.762443 0.647056 
0.116 0 0 0.745941 0.666012 
0.12 0 0 0.728969 0.684547 
0.124 0 0 0.711536 0.70265 
0.128 0 0 0.693653 0.720309 
0.132 0 0 0.675333 0.737513 
0.136 0 0 0.656586 0.754251 
0.14 0 0 0.637424 0.770513 
0.144 0 0 0.61786 0.786288 
0.148 0 0 0.597905 0.801567 
0.152 0 0 0.577573 0.816339 
0.156 0 0 0.556876 0.830596 
0.16 0 0 0.535827 0.844328 
0.164 0 0 0.51444 0.857527 
0.168 0 0 0.492727 0.870184 
0.172 0 0 0.470704 0.882291 
0.176 0 0 0.448383 0.893841 
0.18 0 0 0.425779 0.904827 
0.184 0 0 0.402906 0.915241 
0.188 0 0 0.379779 0.925077 
0.192 0 0 0.356412 0.934329 
0.196 0 0 0.33282 0.942991 
0.2 0 0 0.309017 0.951057 
0.204 0 0 0.285019 0.958522 
0.208 0 0 0.260842 0.965382 
0.212 0 0 0.236499 0.971632 
0.216 0 0 0.212007 0.977268 
0.22 0 0 0.187381 0.982287 
0.224 0 0 0.162637 0.986686 
0.228 0 0 0.13779 0.990461 
0.232 0 0 0.112856 0.993611 
0.236 0 0 0.0878512 0.996134 
0.24 0 0 0.0627905 0.998027 
0.244 0 0 0.0376902 0.999289 
0.248 0 0 0.012566 0.999921 
0.252 0 0 -0.012566 0.999921 
0.256 0 0 -0.0376902 0.999289 
0.26 0 0 -0.0627905 0.998027 
0.264 0 0 -0.0878512 0.996134 
0.268 0 0 -0.112856 0.993611 
0.272 0 0 -0.13779 0.990461 
0.276 0 0 -0.162637 0.986686 
0.28 0 0 -0.187381 0.982287 
0.284 0 0 -0.212007 0.977268 
0.288 0 0 -0.236499 0.971632 
0.292 0 0 -0.260842 0.965382 
0.296 0 0 -0.285019 0.958522 
0.3 0 0 -0.309017 0.951057 
0.304 0 0 -0.33282 0.942991 
0.308 0 0 -0.356412 0.934329 
0.312 0 0 -0.379779 0.925077 
0.316 0 0 -0.402906 0.915241 
0.32 0 0 -0.425779 0.904827 
0.324 0 0 -0.448383 0.893841 
0.328 0 0 -0.470704 0.882291 
0.332 0 0 -0.492727 0.870184 
0.336 0 0 -0.51444 0.857527 
0.34 0 0 -0.535827 0.844328 
0.344 0 0 -0.556876 0.830596 
0.348 0 0 -0.577573 0.816339 
0.352 0 0 -0.597905 0.801567 
0.356 0 0 -0.61786 0.786288 
0.36 0 0 -0.637424 0.770513 
0.364 0 0 -0.656586 0.754251 
0.368 0 0 -0.675333 0.737513 
0.372 0 0 -0.693653 0.720309 
0.376 0 0 -0.711536 0.70265 
0.38 0 0 -0.728969 0.684547 
0.384 0 0 -0.745941 0.666012 
0.388 0 0 -0.762443 0.647056 
0.392 0 0 -0.778462 0.627691 
0.396 0 0 -0.79399 0.60793 
0.4 0 0 -0.809017 0.587785 
0.404 0 0 -0.823533 0.567269 
0.408 0 0 -0.837528 0.546394 
0.412 0 0 -0.850994 0.525175 
0.416 0 0 -0.863923 0.503623 
0.42 0 0 -0.876307 0.481754 
0.424 0 0 -0.888136 0.45958 
0.428 0 0 -0.899405 0.437116 
0.432 0 0 -0.910106 0.414376 
0.436 0 0 -0.920232 0.391374 
0.44 0 0 -0.929776 0.368125 
0.444 0 0 -0.938734 0.344643 
0.448 0 0 -0.947098 0.320944 
0.452 0 0 -0.954865 0.297042 
0.456 0 0 -0.962028 0.272952 
0.46 0 0 -0.968583 0.24869 
0.464 0 0 -0.974527 0.224271 
0.468 0 0 -0.979855 0.19971 
0.472 0 0 -0.984564 0.175023 
0.476 0 0 -0.988652 0.150226 
0.48 0 0 -0.992115 0.125333 
0.484 0 0 -0.994951 0.100362 
0.488 0 0 -0.997159 0.0753268 
0.492 0 0 -0.998737 0.0502443 
0.496 0 0 -0.999684 0.0251301 
0.5 0 0 -1 -2.37516e-010 
0.504 0 0 -0.999684 -0.0251301 
0.508 0 0 -0.998737 -0.0502443 
0.512 0 0 -0.997159 -0.0753268 
0.516 0 0 -0.994951 -0.100362 
0.52 0 0 -0.992115 -0.125333 
0.524 0 0 -0.988652 -0.150226 
0.528 0 0 -0.984564 -0.175023 
0.532 0 0 -0.979855 -0.19971 
0.536 0 0 -0.974527 -0.224271 
0.54 0 0 -0.968583 -0.24869 
0.544 0 0 -0.962028 -0.272952 
0.548 0 0 -0.954865 -0.297042 
0.552 0 0 -0.947098 -0.320944 
0.556 0 0 -0.938734 -0.344643 
0.56 0 0 -0.929776 -0.368125 
0.564 0 0 -0.920232 -0.391374 
0.568 0 0 -0.910106 -0.414376 
0.572 0 0 -0.899405 -0.437116 
0.576 0 0 -0.888136 -0.45958 
0.58 0 0 -0.876307 -0.481754 
0.584 0 0 -0.863923 -0.503623 
0.588 0 0 -0.850994 -0.525175 
0.592 0 0 -0.837528 -0.546394 
0.596 0 0 -0.823533 -0.567269 
0.6 0 0 -0.809017 -0.587785 
0.604 0 0 -0.79399 -0.60793 
0.608 0 0 -0.778462 -0.627691 
0.612 0 0 -0.762443 -0.647056 
0.616 0 0 -0.745941 -0.666012 
0.62 0 0 -0.728969 -0.684547 
0.624 0 0 -0.711536 -0.70265 
0.628 0 0 -0.693653 -0.720309 
0.632 0 0 -0.675333 -0.737513 
0.636 0 0 -0.656586 -0.754251 
0.64 0 0 -0.637424 -0.770513 
0.644 0 0 -0.61786 -0.786288 
0.648 0 0 -0.597905 -0.801567 
0.652 0 0 -0.577573 -0.816339 
0.656 0 0 -0.556876 -0.830596 
0.66 0 0 -0.535827 -0.844328 
0.664 0 0 -0.51444 -0.857527 
0.668 0 0 -0.492727 -0.870184 
0.672 0 0 -0.470704 -0.882291 
0.676 0 0 -0.448383 -0.893841 
0.68 0 0 -0.425779 -0.904827 
0.684 0 0 -0.402906 -0.915241 
0.688 0 0 -0.379779 -0.925077 
0.692 0 0 -0.356412 -0.934329 
0.696 0 0 -0.33282 -0.942991 
0.7 0 0 -0.309017 -0.951057 
0.704 0 0 -0.285019 -0.958522 
0.708 0 0 -0.260842 -0.965382 
0.712 0 0 -0.236499 -0.971632 
0.716 0 0 -0.212007 -0.977268 
0.72 0 0 -0.187381 -0.982287 
0.724 0 0 -0.162637 -0.986686 
0.728 0 0 -0.13779 -0.990461 
0.732 0 0 -0.112856 -0.993611 
0.736 0 0 -0.0878512 -0.996134 
0.74 0 0 -0.0627905 -0.998027 
0.744 0 0 -0.0376902 -0.999289 
0.748 0 0 -0.012566 -0.999921 
0.752 0 0 0.012566 -0.999921 
0.756 0 0 0.0376902 -0.999289 
0.76 0 0 0.0627905 -0.998027 
0.764 0 0 0.0878512 -0.996134 
0.768 0 0 0.112856 -0.993611 
0.772 0 0 0.13779 -0.990461 
0.776 0 0 0.162637 -0.986686 
0.78 0 0 0.187381 -0.982287 
0.784 0 0 0.212007 -0.977268 
0.788 0 0 0.236499 -0.971632 
0.792 0 0 0.260842 -0.965382 
0.796 0 0 0.285019 -0.958522 
0.8 0 0 0.309017 -0.951057 
0.804 0 0 0.33282 -0.942991 
0.808 0 0 0.356412 -0.934329 
0.812 0 0 0.379779 -0.925077 
0.816 0 0 0.402906 -0.915241 
0.82 0 0 0.425779 -0.904827 
0.824 0 0 0.448383 -0.893841 
0.828 0 0 0.470704 -0.882291 
0.832 0 0 0.492727 -0.870184 
0.836 0 0 0.51444 -0.857527 
0.84 0 0 0.535827 -0.844328 
0.844 0 0 0.556876 -0.830596 
0.848 0 0 0.577573 -0.816339 
0.852 0 0 0.597905 -0.801567 
0.856 0 0 0.61786 -0.786288 
0.86 0 0 0.637424 -0.770513 
0.864 0 0 0.656586 -0.754251 
0.868 0 0 0.675333 -0.737513 
0.872 0 0 0.693653 -0.720309 
0.876 0 0 0.711536 -0.70265 
0.88 0 0 0.728969 -0.684547 
0.884 0 0 0.745941 -0.666012 
0.888 0 0 0.762443 -0.647056 
0.892 0 0 0.778462 -0.627691 
0.896 0 0 0.79399 -0.60793 
0.9 0 0 0.809017 -0.587785 
0.904 0 0 0.823533 -0.567269 
0.908 0 0 0.837528 -0.546394 
0.912 0 0 0.850994 -0.525175 
0.916 0 0 0.863923 -0.503623 
0.92 0 0 0.876307 -0.481754 
0.924 0 0 0.888136 -0.45958 
0.928 0 0 0.899405 -0.437116 
0.932 0 0 0.910106 -0.414376 
0.936 0 0 0.920232 -0.391374 
0.94 0 0 0.929776 -0.368125 
0.944 0 0 0.938734 -0.344643 
0.948 0 0 0.947098 -0.320944 
0.952 0 0 0.954865 -0.297042 
0.956 0 0 0.962028 -0.272952 
0.96 0 0 0.968583 -0.24869 
0.964 0 0 0.974527 -0.224271 
0.968 0 0 0.979855 -0.19971 
0.972 0 0 0.984564 -0.175023 
0.976 0 0 0.988652 -0.150226 
0.98 0 0 0.992115 -0.125333 
0.984 0 0 0.994951 -0.100362 
0.988 0 0 0.997159 -0.0753268 
0.992 0 0 0.998737 -0.0502443 
0.996 0 0 0.999684 -0.0251301 
1 0 0 1 4.82357e-010 
