0 0 0 0 0 1 0 
0.02 0 0 0.992115 0.125333 
0.04 0 0 0.968583 0.24869 
0.06 0 0 0.929776 0.368125 
0.08 0 0 0.876307 0.481754 
0.1 0 0 0.809017 0.587785 
0.12 0 0 0.728969 0.684547 
0.14 0 0 0.637424 0.770513 
0.16 0 0 0.535827 0.844328 
0.18 0 0 0.425779 0.904827 
0.2 0 0 0.309017 0.951056 
0.22 0 0 0.187381 0.982287 
0.24 0 0 0.0627904 0.998026 
0.26 0 0 -0.0627906 0.998026 
0.28 0 0 -0.187381 0.982287 
0.3 0 0 -0.309017 0.951056 
0.32 0 0 -0.425779 0.904827 
0.34 0 0 -0.535827 0.844327 
0.36 0 0 -0.637424 0.770513 
0.38 0 0 -0.728969 0.684546 
0.4 0 0 -0.809017 0.587784 
0.42 0 0 -0.876307 0.481753 
0.44 0 0 -0.929776 0.368124 
0.46 0 0 -0.968583 0.248689 
0.48 0 0 -0.992114 0.125332 
0.5 0 0 -0.999999 -1.25086e-006 
0.52 0 0 -0.992114 -0.125335 
0.54 0 0 -0.968582 -0.248691 
0.56 0 0 -0.929775 -0.368126 
0.58 0 0 -0.876305 -0.481755 
0.6 0 0 -0.809015 -0.587786 
0.62 0 0 -0.728967 -0.684548 
0.64 0 0 -0.637422 -0.770514 
0.66 0 0 -0.535825 -0.844329 
0.68 0 0 -0.425777 -0.904828 
0.7 0 0 -0.309015 -0.951057 
0.72 0 0 -0.187379 -0.982287 
0.74 0 0 -0.0627879 -0.998026 
0.76 0 0 0.0627931 -0.998026 
0.78 0 0 0.187384 -0.982286 
0.8 0 0 0.30902 -0.951055 
0.82 0 0 0.425782 -0.904826 
0.84 0 0 0.535829 -0.844326 
0.86 0 0 0.637426 -0.770511 
0.88 0 0 0.72897 -0.684545 
0.9 0 0 0.809019 -0.587783 
0.92 0 0 0.876308 -0.481751 
0.94 0 0 0.929777 -0.368122 
0.96 0 0 0.968584 -0.248687 
0.98 0 0 0.992115 -0.12533 
1 0 0 1 3.06991e-006 
1.02 0 0 0.992114 0.125336 
1.04 0 0 0.968582 0.248693 
1.06 0 0 0.929775 0.368127 
1.08 0 0 0.876305 0.481756 
1.1 0 0 0.809015 0.587788 
1.12 0 0 0.728966 0.684549 
1.14 0 0 0.637421 0.770515 
1.16 0 0 0.535824 0.844329 
1.18 0 0 0.425776 0.904828 
1.2 0 0 0.309014 0.951057 
1.22 0 0 0.187378 0.982288 
1.24 0 0 0.062787 0.998027 
1.26 0 0 -0.0627941 0.998026 
1.28 0 0 -0.187385 0.982286 
1.3 0 0 -0.30902 0.951055 
1.32 0 0 -0.425783 0.904825 
1.34 0 0 -0.53583 0.844325 
1.36 0 0 -0.637427 0.77051 
1.38 0 0 -0.728971 0.684544 
1.4 0 0 -0.809019 0.587781 
1.42 0 0 -0.876308 0.481749 
1.44 0 0 -0.929778 0.36812 
1.46 0 0 -0.968584 0.248685 
1.48 0 0 -0.992115 0.125328 
1.5 0 0 -0.999999 -5.12866e-006 
1.52 0 0 -0.992113 -0.125338 
1.54 0 0 -0.968581 -0.248695 
1.56 0 0 -0.929774 -0.368129 
1.58 0 0 -0.876303 -0.481758 
1.6 0 0 -0.809013 -0.58779 
1.62 0 0 -0.728964 -0.684551 
1.64 0 0 -0.637419 -0.770517 
1.66 0 0 -0.535821 -0.844331 
1.68 0 0 -0.425773 -0.904829 
1.7 0 0 -0.309011 -0.951058 
1.72 0 0 -0.187375 -0.982288 
1.74 0 0 -0.0627837 -0.998027 
1.76 0 0 0.0627974 -0.998026 
1.78 0 0 0.187388 -0.982285 
1.8 0 0 0.309024 -0.951054 
1.82 0 0 0.425786 -0.904824 
1.84 0 0 0.535833 -0.844324 
1.86 0 0 0.637429 -0.770508 
1.88 0 0 0.728973 -0.684541 
1.9 0 0 0.809021 -0.587779 
1.92 0 0 0.87631 -0.481747 
1.94 0 0 0.929779 -0.368117 
1.96 0 0 0.968585 -0.248682 
1.98 0 0 0.992115 -0.125326 
2 0 0 1 7.75562e-006 
2.02 0 0 0.992113 0.125341 
2.04 0 0 0.968581 0.248697 
2.06 0 0 0.929773 0.368132 
2.08 0 0 0.876303 0.48176 
2.1 0 0 0.809012 0.587792 
2.12 0 0 0.728963 0.684553 
2.14 0 0 0.637417 0.770518 
2.16 0 0 0.53582 0.844332 
2.18 0 0 0.425772 0.90483 
2.2 0 0 0.309009 0.951059 
2.22 0 0 0.187373 0.982288 
2.24 0 0 0.0627819 0.998027 
2.26 0 0 -0.0627992 0.998026 
2.28 0 0 -0.18739 0.982285 
2.3 0 0 -0.309025 0.951053 
2.32 0 0 -0.425787 0.904823 
2.34 0 0 -0.535834 0.844322 
2.36 0 0 -0.637431 0.770507 
2.38 0 0 -0.728975 0.68454 
2.4 0 0 -0.809022 0.587777 
2.42 0 0 -0.876311 0.481745 
2.44 0 0 -0.929779 0.368115 
2.46 0 0 -0.968585 0.24868 
2.48 0 0 -0.992115 0.125323 
2.5 0 0 -0.999999 -1.06223e-005 
2.52 0 0 -0.992112 -0.125344 
2.54 0 0 -0.96858 -0.2487 
2.56 0 0 -0.929772 -0.368135 
2.58 0 0 -0.8763 -0.481763 
2.6 0 0 -0.809009 -0.587794 
2.62 0 0 -0.72896 -0.684555 
2.64 0 0 -0.637414 -0.77052 
2.66 0 0 -0.535816 -0.844334 
2.68 0 0 -0.425768 -0.904832 
2.7 0 0 -0.309005 -0.95106 
2.72 0 0 -0.187369 -0.982289 
2.74 0 0 -0.0627778 -0.998027 
2.76 0 0 0.0628033 -0.998025 
2.78 0 0 0.187394 -0.982284 
2.8 0 0 0.309029 -0.951052 
2.82 0 0 0.425791 -0.904821 
2.84 0 0 0.535838 -0.84432 
2.86 0 0 0.637434 -0.770504 
2.88 0 0 0.728977 -0.684537 
2.9 0 0 0.809025 -0.587774 
2.92 0 0 0.876313 -0.481741 
2.94 0 0 0.929781 -0.368112 
2.96 0 0 0.968586 -0.248676 
2.98 0 0 0.992116 -0.125319 
3 0 0 0.999999 1.40571e-005 
3.02 0 0 0.992112 0.125347 
3.04 0 0 0.968579 0.248704 
3.06 0 0 0.929771 0.368138 
3.08 0 0 0.876299 0.481766 
3.1 0 0 0.809008 0.587797 
3.12 0 0 0.728958 0.684557 
3.14 0 0 0.637412 0.770522 
3.16 0 0 0.535814 0.844335 
3.18 0 0 0.425766 0.904833 
3.2 0 0 0.309002 0.95106 
3.22 0 0 0.187366 0.982289 
3.24 0 0 0.0627752 0.998027 
3.26 0 0 -0.0628059 0.998025 
3.28 0 0 -0.187396 0.982284 
3.3 0 0 -0.309032 0.951051 
3.32 0 0 -0.425793 0.904819 
3.34 0 0 -0.53584 0.844319 
3.36 0 0 -0.637436 0.770502 
3.38 0 0 -0.728979 0.684534 
3.4 0 0 -0.809026 0.587771 
3.42 0 0 -0.876314 0.481738 
3.44 0 0 -0.929782 0.368108 
3.46 0 0 -0.968586 0.248673 
3.48 0 0 -0.992116 0.125316 
3.5 0 0 -0.999999 -1.77317e-005 
3.52 0 0 -0.992111 -0.125351 
3.54 0 0 -0.968578 -0.248707 
3.56 0 0 -0.929769 -0.368141 
3.58 0 0 -0.876297 -0.481769 
3.6 0 0 -0.809005 -0.5878 
3.62 0 0 -0.728955 -0.68456 
3.64 0 0 -0.637408 -0.770525 
3.66 0 0 -0.53581 -0.844337 
3.68 0 0 -0.425761 -0.904835 
3.7 0 0 -0.308998 -0.951062 
3.72 0 0 -0.187361 -0.98229 
3.74 0 0 -0.0627703 -0.998027 
3.76 0 0 0.0628108 -0.998025 
3.78 0 0 0.187401 -0.982283 
3.8 0 0 0.309036 -0.951049 
3.82 0 0 0.425798 -0.904817 
3.84 0 0 0.535844 -0.844316 
3.86 0 0 0.63744 -0.770499 
3.88 0 0 0.728983 -0.684531 
3.9 0 0 0.809029 -0.587768 
3.92 0 0 0.876316 -0.481734 
3.94 0 0 0.929784 -0.368104 
3.96 0 0 0.968588 -0.248669 
3.98 0 0 0.992117 -0.125311 
4 0 0 0.999999 2.19744e-005 
4.02 0 0 0.992111 0.125355 
4.04 0 0 0.968577 0.248711 
4.06 0 0 0.929768 0.368145 
4.08 0 0 0.876295 0.481773 
4.1 0 0 0.809003 0.587803 
4.12 0 0 0.728953 0.684563 
4.14 0 0 0.637406 0.770527 
4.16 0 0 0.535807 0.84434 
4.18 0 0 0.425758 0.904836 
4.2 0 0 0.308995 0.951063 
4.22 0 0 0.187358 0.982291 
4.24 0 0 0.0627669 0.998027 
4.26 0 0 -0.0628142 0.998024 
4.28 0 0 -0.187405 0.982282 
4.3 0 0 -0.30904 0.951048 
4.32 0 0 -0.425801 0.904816 
4.34 0 0 -0.535847 0.844314 
4.36 0 0 -0.637442 0.770497 
4.38 0 0 -0.728985 0.684528 
4.4 0 0 -0.809031 0.587764 
4.42 0 0 -0.876318 0.481731 
4.44 0 0 -0.929785 0.3681 
4.46 0 0 -0.968588 0.248664 
4.48 0 0 -0.992117 0.125307 
4.5 0 0 -0.999999 -2.64569e-005 
4.52 0 0 -0.99211 -0.12536 
4.54 0 0 -0.968575 -0.248716 
4.56 0 0 -0.929765 -0.368149 
4.58 0 0 -0.876292 -0.481777 
4.6 0 0 -0.809 -0.587807 
4.62 0 0 -0.728949 -0.684567 
4.64 0 0 -0.637401 -0.77053 
4.66 0 0 -0.535802 -0.844342 
4.68 0 0 -0.425753 -0.904838 
4.7 0 0 -0.308989 -0.951064 
4.72 0 0 -0.187353 -0.982292 
4.74 0 0 -0.0627612 -0.998027 
4.76 0 0 0.0628199 -0.998024 
4.78 0 0 0.18741 -0.982281 
4.8 0 0 0.309045 -0.951046 
4.82 0 0 0.425806 -0.904813 
4.84 0 0 0.535852 -0.844311 
4.86 0 0 0.637447 -0.770493 
4.88 0 0 0.728989 -0.684524 
4.9 0 0 0.809034 -0.58776 
4.92 0 0 0.876321 -0.481726 
4.94 0 0 0.929787 -0.368095 
4.96 0 0 0.96859 -0.248659 
4.98 0 0 0.992118 -0.125302 
5 0 0 0.999999 3.15075e-005 
5.02 0 0 0.99211 0.125365 
5.04 0 0 0.968574 0.24872 
5.06 0 0 0.929764 0.368154 
5.08 0 0 0.87629 0.481781 
5.1 0 0 0.808997 0.587811 
5.12 0 0 0.728946 0.68457 
5.14 0 0 0.637398 0.770533 
5.16 0 0 0.535799 0.844345 
5.18 0 0 0.425749 0.90484 
5.2 0 0 0.308985 0.951066 
5.22 0 0 0.187348 0.982292 
5.24 0 0 0.062757 0.998028 
5.26 0 0 -0.0628241 0.998023 
5.28 0 0 -0.187414 0.98228 
5.3 0 0 -0.309049 0.951045 
5.32 0 0 -0.42581 0.904811 
5.34 0 0 -0.535855 0.844308 
5.36 0 0 -0.63745 0.77049 
5.38 0 0 -0.728992 0.684521 
5.4 0 0 -0.809037 0.587756 
5.42 0 0 -0.876323 0.481722 
5.44 0 0 -0.929788 0.368091 
5.46 0 0 -0.968591 0.248654 
5.48 0 0 -0.992118 0.125297 
5.5 0 0 -0.999999 -3.67979e-005 
5.52 0 0 -0.992109 -0.12537 
5.54 0 0 -0.968572 -0.248726 
5.56 0 0 -0.929761 -0.368159 
5.58 0 0 -0.876287 -0.481786 
5.6 0 0 -0.808993 -0.587815 
5.62 0 0 -0.728941 -0.684574 
5.64 0 0 -0.637393 -0.770537 
5.66 0 0 -0.535793 -0.844348 
5.68 0 0 -0.425743 -0.904843 
5.7 0 0 -0.308979 -0.951067 
5.72 0 0 -0.187342 -0.982293 
5.74 0 0 -0.0627505 -0.998028 
5.76 0 0 0.0628306 -0.998023 
5.78 0 0 0.187421 -0.982278 
5.8 0 0 0.309055 -0.951043 
5.82 0 0 0.425816 -0.904809 
5.84 0 0 0.535861 -0.844305 
5.86 0 0 0.637455 -0.770486 
5.88 0 0 0.728996 -0.684516 
5.9 0 0 0.809041 -0.587751 
5.92 0 0 0.876326 -0.481716 
5.94 0 0 0.929791 -0.368085 
5.96 0 0 0.968593 -0.248649 
5.98 0 0 0.992119 -0.125291 
6 0 0 0.999999 4.26564e-005 
6.02 0 0 0.992108 0.125376 
6.04 0 0 0.968571 0.248731 
6.06 0 0 0.92976 0.368164 
6.08 0 0 0.876285 0.481791 
6.1 0 0 0.808991 0.58782 
6.12 0 0 0.728938 0.684578 
6.14 0 0 0.637389 0.77054 
6.16 0 0 0.535789 0.844351 
6.18 0 0 0.425739 0.904845 
6.2 0 0 0.308974 0.951069 
6.22 0 0 0.187337 0.982294 
6.24 0 0 0.0627455 0.998028 
6.26 0 0 -0.0628356 0.998023 
6.28 0 0 -0.187426 0.982277 
6.3 0 0 -0.30906 0.951041 
6.32 0 0 -0.42582 0.904806 
6.34 0 0 -0.535865 0.844302 
6.36 0 0 -0.637459 0.770482 
6.38 0 0 -0.729 0.684512 
6.4 0 0 -0.809044 0.587746 
6.42 0 0 -0.876328 0.481711 
6.44 0 0 -0.929793 0.36808 
6.46 0 0 -0.968594 0.248643 
6.48 0 0 -0.992119 0.125285 
6.5 0 0 -0.999998 -4.87547e-005 
6.52 0 0 -0.992107 -0.125382 
6.54 0 0 -0.968569 -0.248737 
6.56 0 0 -0.929757 -0.36817 
6.58 0 0 -0.876281 -0.481797 
6.6 0 0 -0.808986 -0.587825 
6.62 0 0 -0.728933 -0.684583 
6.64 0 0 -0.637384 -0.770545 
6.66 0 0 -0.535783 -0.844354 
6.68 0 0 -0.425732 -0.904848 
6.7 0 0 -0.308967 -0.951071 
6.72 0 0 -0.18733 -0.982296 
6.74 0 0 -0.0627381 -0.998029 
6.76 0 0 0.062843 -0.998022 
6.78 0 0 0.187433 -0.982276 
6.8 0 0 0.309067 -0.951039 
6.82 0 0 0.425827 -0.904803 
6.84 0 0 0.535871 -0.844298 
6.86 0 0 0.637465 -0.770478 
6.88 0 0 0.729005 -0.684507 
6.9 0 0 0.809048 -0.587741 
6.92 0 0 0.876332 -0.481705 
6.94 0 0 0.929796 -0.368073 
6.96 0 0 0.968596 -0.248636 
6.98 0 0 0.99212 -0.125278 
7 0 0 0.999999 5.54211e-005 
7.02 0 0 0.992107 0.125388 
7.04 0 0 0.968568 0.248744 
7.06 0 0 0.929755 0.368176 
7.08 0 0 0.876278 0.481802 
7.1 0 0 0.808983 0.58783 
7.12 0 0 0.728929 0.684588 
7.14 0 0 0.637379 0.770549 
7.16 0 0 0.535778 0.844357 
7.18 0 0 0.425727 0.90485 
7.2 0 0 0.308962 0.951073 
7.22 0 0 0.187324 0.982297 
7.24 0 0 0.0627323 0.998029 
7.26 0 0 -0.0628488 0.998022 
7.28 0 0 -0.187439 0.982275 
7.3 0 0 -0.309073 0.951037 
7.32 0 0 -0.425832 0.9048 
7.34 0 0 -0.535876 0.844295 
7.36 0 0 -0.637469 0.770474 
7.38 0 0 -0.729009 0.684502 
7.4 0 0 -0.809051 0.587735 
7.42 0 0 -0.876335 0.481699 
7.44 0 0 -0.929797 0.368067 
7.46 0 0 -0.968597 0.24863 
7.48 0 0 -0.992121 0.125272 
7.5 0 0 -0.999998 -6.23273e-005 
7.52 0 0 -0.992105 -0.125395 
7.54 0 0 -0.968566 -0.24875 
7.56 0 0 -0.929752 -0.368183 
7.58 0 0 -0.876274 -0.481809 
7.6 0 0 -0.808978 -0.587836 
7.62 0 0 -0.728923 -0.684593 
7.64 0 0 -0.637373 -0.770553 
7.66 0 0 -0.535771 -0.844361 
7.68 0 0 -0.425719 -0.904853 
7.7 0 0 -0.308954 -0.951075 
7.72 0 0 -0.187316 -0.982298 
7.74 0 0 -0.0627242 -0.998029 
7.76 0 0 0.0628569 -0.998021 
7.78 0 0 0.187447 -0.982273 
7.8 0 0 0.30908 -0.951034 
7.82 0 0 0.42584 -0.904797 
7.84 0 0 0.535883 -0.84429 
7.86 0 0 0.637475 -0.770469 
7.88 0 0 0.729014 -0.684496 
7.9 0 0 0.809056 -0.587729 
7.92 0 0 0.876339 -0.481693 
7.94 0 0 0.929801 -0.36806 
7.96 0 0 0.968599 -0.248622 
7.98 0 0 0.992122 -0.125264 
8 0 0 0.999999 6.98016e-005 
8.02 0 0 0.992105 0.125403 
8.04 0 0 0.968564 0.248758 
8.06 0 0 0.929749 0.36819 
8.08 0 0 0.876271 0.481815 
8.1 0 0 0.808974 0.587842 
8.12 0 0 0.728919 0.684598 
8.14 0 0 0.637368 0.770558 
8.16 0 0 0.535765 0.844365 
8.18 0 0 0.425713 0.904856 
8.2 0 0 0.308948 0.951077 
8.22 0 0 0.18731 0.982299 
8.24 0 0 0.0627176 0.99803 
8.26 0 0 -0.0628635 0.99802 
8.28 0 0 -0.187453 0.982272 
8.3 0 0 -0.309087 0.951032 
8.32 0 0 -0.425846 0.904794 
8.34 0 0 -0.535889 0.844286 
8.36 0 0 -0.637481 0.770464 
8.38 0 0 -0.729019 0.684491 
8.4 0 0 -0.80906 0.587723 
8.42 0 0 -0.876342 0.481686 
8.44 0 0 -0.929803 0.368053 
8.46 0 0 -0.9686 0.248615 
8.48 0 0 -0.992122 0.125256 
8.5 0 0 -0.999998 -7.75157e-005 
8.52 0 0 -0.992103 -0.12541 
8.54 0 0 -0.968562 -0.248765 
8.56 0 0 -0.929746 -0.368197 
8.58 0 0 -0.876267 -0.481822 
8.6 0 0 -0.808969 -0.587848 
8.62 0 0 -0.728913 -0.684604 
8.64 0 0 -0.637361 -0.770563 
8.66 0 0 -0.535758 -0.844369 
8.68 0 0 -0.425705 -0.90486 
8.7 0 0 -0.308939 -0.95108 
8.72 0 0 -0.187301 -0.982301 
8.74 0 0 -0.0627086 -0.99803 
8.76 0 0 0.0628725 -0.99802 
8.78 0 0 0.187462 -0.98227 
8.8 0 0 0.309095 -0.951029 
8.82 0 0 0.425854 -0.90479 
8.84 0 0 0.535896 -0.844282 
8.86 0 0 0.637488 -0.770459 
8.88 0 0 0.729025 -0.684485 
8.9 0 0 0.809065 -0.587716 
8.92 0 0 0.876346 -0.481679 
8.94 0 0 0.929806 -0.368045 
8.96 0 0 0.968603 -0.248607 
8.98 0 0 0.992124 -0.125248 
9 0 0 0.999998 8.5798e-005 
9.02 0 0 0.992102 0.125418 
9.04 0 0 0.96856 0.248773 
9.06 0 0 0.929743 0.368205 
9.08 0 0 0.876263 0.481829 
9.1 0 0 0.808964 0.587855 
9.12 0 0 0.728908 0.68461 
9.14 0 0 0.637355 0.770568 
9.16 0 0 0.535752 0.844374 
9.18 0 0 0.425699 0.904863 
9.2 0 0 0.308932 0.951082 
9.22 0 0 0.187294 0.982302 
9.24 0 0 0.0627012 0.998031 
9.26 0 0 -0.0628799 0.998019 
9.28 0 0 -0.187469 0.982269 
9.3 0 0 -0.309102 0.951027 
9.32 0 0 -0.425861 0.904787 
9.34 0 0 -0.535903 0.844277 
9.36 0 0 -0.637493 0.770453 
9.38 0 0 -0.72903 0.684479 
9.4 0 0 -0.80907 0.587709 
9.42 0 0 -0.87635 0.481671 
9.44 0 0 -0.929809 0.368037 
9.46 0 0 -0.968604 0.248599 
9.48 0 0 -0.992124 0.12524 
9.5 0 0 -0.999998 -9.43199e-005 
9.52 0 0 -0.992101 -0.125427 
9.54 0 0 -0.968557 -0.248782 
9.56 0 0 -0.929739 -0.368213 
9.58 0 0 -0.876259 -0.481837 
9.6 0 0 -0.808959 -0.587862 
9.62 0 0 -0.728901 -0.684616 
9.64 0 0 -0.637348 -0.770574 
9.66 0 0 -0.535743 -0.844378 
9.68 0 0 -0.42569 -0.904867 
9.7 0 0 -0.308923 -0.951085 
9.72 0 0 -0.187284 -0.982304 
9.74 0 0 -0.0626915 -0.998031 
9.76 0 0 0.0628897 -0.998019 
9.78 0 0 0.187479 -0.982267 
9.8 0 0 0.309112 -0.951024 
9.82 0 0 0.425869 -0.904783 
9.84 0 0 0.535911 -0.844272 
9.86 0 0 0.637501 -0.770447 
9.88 0 0 0.729037 -0.684472 
9.9 0 0 0.809075 -0.587702 
9.92 0 0 0.876354 -0.481663 
9.94 0 0 0.929813 -0.368029 
9.96 0 0 0.968607 -0.24859 
9.98 0 0 0.992126 -0.125231 
10 0 0 0.999998 0.00010341 
