0 0 0 0 0 1 0 
0.1 0 0 0.808871 0.586598 
0.2 0 0 0.308739 0.948231 
0.3 0 0 -0.309344 0.944809 
0.4 0 0 -0.806417 0.575021 
0.5 0 0 -0.986535 -0.019455 
0.6 0 0 -0.775541 -0.60516 
0.7 0 0 -0.254956 -0.948071 
0.8 0 0 0.367386 -0.909392 
0.9 0 0 0.840831 -0.504098 
1 0 0 0.974192 0.104258 
1.1 0 0 0.713271 0.669636 
1.2 0 0 0.163019 0.962119 
1.3 0 0 -0.452919 0.860393 
1.4 0 0 -0.880367 0.403243 
1.5 0 0 -0.938732 -0.221541 
1.6 0 0 -0.599987 -0.751317 
1.7 0 0 -0.00585029 -0.959441 
1.8 0 0 0.58977 -0.755203 
1.9 0 0 0.930163 -0.225714 
2 0 0 0.867654 0.400523 
2.1 0 0 0.42824 0.851544 
2.2 0 0 -0.197665 0.928839 
2.3 0 0 -0.734589 0.595116 
2.4 0 0 -0.941055 -0.00426679 
2.5 0 0 -0.719947 -0.600094 
2.6 0 0 -0.168914 -0.918906 
2.7 0 0 0.459048 -0.811254 
2.8 0 0 0.871449 -0.32544 
2.9 0 0 0.873972 0.311946 
3 0 0 0.463522 0.800297 
3.1 0 0 -0.16685 0.905445 
3.2 0 0 -0.714549 0.572839 
3.3 0 0 -0.90995 -0.0394621 
3.4 0 0 -0.651533 -0.629887 
3.5 0 0 -0.0649416 -0.90004 
3.6 0 0 0.552823 -0.709056 
3.7 0 0 0.882805 -0.152355 
3.8 0 0 0.7507 0.48186 
3.9 0 0 0.222467 0.858912 
4 0 0 -0.422696 0.773559 
4.1 0 0 -0.83377 0.266168 
4.2 0 0 -0.77813 -0.38678 
4.3 0 0 -0.280506 -0.816251 
4.4 0 0 0.376798 -0.770438 
4.5 0 0 0.808045 -0.270532 
4.6 0 0 0.751359 0.388691 
4.7 0 0 0.234681 0.805134 
4.8 0 0 -0.425152 0.713046 
4.9 0 0 -0.804785 0.161787 
5 0 0 -0.645293 -0.491592 
5.1 0 0 -0.0442174 -0.800086 
5.2 0 0 0.581002 -0.536509 
5.3 0 0 0.769986 0.118345 
5.4 0 0 0.366 0.671918 
5.5 0 0 -0.323967 0.674897 
5.6 0 0 -0.721682 0.104362 
5.7 0 0 -0.451464 -0.542994 
5.8 0 0 0.251053 -0.629447 
5.9 0 0 0.63892 -0.0294266 
6 0 0 0.205946 0.546127 
6.1 0 0 -0.434142 0.228479 
6.2 0 0 -0.116277 -0.329004 
6.3 0 0 0.498694 0.472764 
6.4 0 0 0.602108 1.10227 
6.5 0 0 0.565028 1.49342 
6.6 0 0 0.470208 1.7363 
6.7 0 0 0.34266 1.86004 
6.8 0 0 0.19485 1.87436 
6.9 0 0 0.0355796 1.77712 
7 0 0 -0.125703 1.5532 
7.1 0 0 -0.271599 1.16226 
7.2 0 0 -0.334005 0.47318 
7.3 0 0 1.01948 0.123076 
7.4 0 0 3.40425 0.571997 
7.5 0 0 5.74627 1.01398 
7.6 0 0 8.07584 1.45378 
7.7 0 0 10.3994 1.8925 
7.8 0 0 12.7194 2.33057 
7.9 0 0 15.037 2.76821 
8 0 0 17.3529 3.20554 
8.1 0 0 19.6676 3.64264 
8.2 0 0 21.9813 4.07956 
8.3 0 0 24.2943 4.51633 
8.4 0 0 26.6066 4.95298 
8.5 0 0 28.9183 5.38954 
8.6 0 0 31.2296 5.82601 
8.7 0 0 33.5405 6.2624 
8.8 0 0 35.8511 6.69874 
8.9 0 0 38.1614 7.13502 
9 0 0 40.4715 7.57125 
9.1 0 0 42.7813 8.00744 
9.2 0 0 45.0909 8.4436 
9.3 0 0 47.4003 8.87971 
9.4 0 0 49.7095 9.3158 
9.5 0 0 52.0186 9.75186 
9.6 0 0 54.3276 10.1879 
9.7 0 0 56.6364 10.6239 
9.8 0 0 58.9451 11.0599 
9.9 0 0 61.2537 11.4958 
10 0 0 63.5623 11.9318 
