0 0 0 0 0 1 0 
0.02 0 0 0.992115 0.125333 
0.04 0 0 0.968583 0.24869 
0.06 0 0 0.929776 0.368125 
0.08 0 0 0.876307 0.481754 
0.1 0 0 0.809017 0.587785 
0.12 0 0 0.728969 0.684547 
0.14 0 0 0.637424 0.770513 
0.16 0 0 0.535827 0.844328 
0.18 0 0 0.425779 0.904827 
0.2 0 0 0.309017 0.951057 
0.22 0 0 0.187381 0.982287 
0.24 0 0 0.0627905 0.998027 
0.26 0 0 -0.0627905 0.998027 
0.28 0 0 -0.187381 0.982287 
0.3 0 0 -0.309017 0.951057 
0.32 0 0 -0.425779 0.904827 
0.34 0 0 -0.535827 0.844328 
0.36 0 0 -0.637424 0.770513 
0.38 0 0 -0.728969 0.684547 
0.4 0 0 -0.809017 0.587785 
0.42 0 0 -0.876307 0.481754 
0.44 0 0 -0.929776 0.368125 
0.46 0 0 -0.968583 0.24869 
0.48 0 0 -0.992115 0.125333 
0.5 0 0 -1 -1.27002e-012 
0.52 0 0 -0.992115 -0.125333 
0.54 0 0 -0.968583 -0.24869 
0.56 0 0 -0.929776 -0.368125 
0.58 0 0 -0.876307 -0.481754 
0.6 0 0 -0.809017 -0.587785 
0.62 0 0 -0.728969 -0.684547 
0.64 0 0 -0.637424 -0.770513 
0.66 0 0 -0.535827 -0.844328 
0.68 0 0 -0.425779 -0.904827 
0.7 0 0 -0.309017 -0.951057 
0.72 0 0 -0.187381 -0.982287 
0.74 0 0 -0.0627905 -0.998027 
0.76 0 0 0.0627905 -0.998027 
0.78 0 0 0.187381 -0.982287 
0.8 0 0 0.309017 -0.951057 
0.82 0 0 0.425779 -0.904827 
0.84 0 0 0.535827 -0.844328 
0.86 0 0 0.637424 -0.770513 
0.88 0 0 0.728969 -0.684547 
0.9 0 0 0.809017 -0.587785 
0.92 0 0 0.876307 -0.481754 
0.94 0 0 0.929776 -0.368125 
0.96 0 0 0.968583 -0.24869 
0.98 0 0 0.992115 -0.125333 
1 0 0 1 2.5391e-012 
1.02 0 0 0.992115 0.125333 
1.04 0 0 0.968583 0.24869 
1.06 0 0 0.929776 0.368125 
1.08 0 0 0.876307 0.481754 
1.1 0 0 0.809017 0.587785 
1.12 0 0 0.728969 0.684547 
1.14 0 0 0.637424 0.770513 
1.16 0 0 0.535827 0.844328 
1.18 0 0 0.425779 0.904827 
1.2 0 0 0.309017 0.951057 
1.22 0 0 0.187381 0.982287 
1.24 0 0 0.0627905 0.998027 
1.26 0 0 -0.0627905 0.998027 
1.28 0 0 -0.187381 0.982287 
1.3 0 0 -0.309017 0.951057 
1.32 0 0 -0.425779 0.904827 
1.34 0 0 -0.535827 0.844328 
1.36 0 0 -0.637424 0.770513 
1.38 0 0 -0.728969 0.684547 
1.4 0 0 -0.809017 0.587785 
1.42 0 0 -0.876307 0.481754 
1.44 0 0 -0.929776 0.368125 
1.46 0 0 -0.968583 0.24869 
1.48 0 0 -0.992115 0.125333 
1.5 0 0 -1 -3.86631e-012 
1.52 0 0 -0.992115 -0.125333 
1.54 0 0 -0.968583 -0.24869 
1.56 0 0 -0.929776 -0.368125 
1.58 0 0 -0.876307 -0.481754 
1.6 0 0 -0.809017 -0.587785 
1.62 0 0 -0.728969 -0.684547 
1.64 0 0 -0.637424 -0.770513 
1.66 0 0 -0.535827 -0.844328 
1.68 0 0 -0.425779 -0.904827 
1.7 0 0 -0.309017 -0.951057 
1.72 0 0 -0.187381 -0.982287 
1.74 0 0 -0.0627905 -0.998027 
1.76 0 0 0.0627905 -0.998027 
1.78 0 0 0.187381 -0.982287 
1.8 0 0 0.309017 -0.951057 
1.82 0 0 0.425779 -0.904827 
1.84 0 0 0.535827 -0.844328 
1.86 0 0 0.637424 -0.770513 
1.88 0 0 0.728969 -0.684547 
1.9 0 0 0.809017 -0.587785 
1.92 0 0 0.876307 -0.481754 
1.94 0 0 0.929776 -0.368125 
1.96 0 0 0.968583 -0.24869 
1.98 0 0 0.992115 -0.125333 
2 0 0 1 5.28545e-012 
2.02 0 0 0.992115 0.125333 
2.04 0 0 0.968583 0.24869 
2.06 0 0 0.929776 0.368125 
2.08 0 0 0.876307 0.481754 
2.1 0 0 0.809017 0.587785 
2.12 0 0 0.728969 0.684547 
2.14 0 0 0.637424 0.770513 
2.16 0 0 0.535827 0.844328 
2.18 0 0 0.425779 0.904827 
2.2 0 0 0.309017 0.951057 
2.22 0 0 0.187381 0.982287 
2.24 0 0 0.0627905 0.998027 
2.26 0 0 -0.0627905 0.998027 
2.28 0 0 -0.187381 0.982287 
2.3 0 0 -0.309017 0.951057 
2.32 0 0 -0.425779 0.904827 
2.34 0 0 -0.535827 0.844328 
2.36 0 0 -0.637424 0.770513 
2.38 0 0 -0.728969 0.684547 
2.4 0 0 -0.809017 0.587785 
2.42 0 0 -0.876307 0.481754 
2.44 0 0 -0.929776 0.368125 
2.46 0 0 -0.968583 0.24869 
2.48 0 0 -0.992115 0.125333 
2.5 0 0 -1 -6.67754e-012 
2.52 0 0 -0.992115 -0.125333 
2.54 0 0 -0.968583 -0.24869 
2.56 0 0 -0.929776 -0.368125 
2.58 0 0 -0.876307 -0.481754 
2.6 0 0 -0.809017 -0.587785 
2.62 0 0 -0.728969 -0.684547 
2.64 0 0 -0.637424 -0.770513 
2.66 0 0 -0.535827 -0.844328 
2.68 0 0 -0.425779 -0.904827 
2.7 0 0 -0.309017 -0.951057 
2.72 0 0 -0.187381 -0.982287 
2.74 0 0 -0.0627905 -0.998027 
2.76 0 0 0.0627905 -0.998027 
2.78 0 0 0.187381 -0.982287 
2.8 0 0 0.309017 -0.951057 
2.82 0 0 0.425779 -0.904827 
2.84 0 0 0.535827 -0.844328 
2.86 0 0 0.637424 -0.770513 
2.88 0 0 0.728969 -0.684547 
2.9 0 0 0.809017 -0.587785 
2.92 0 0 0.876307 -0.481754 
2.94 0 0 0.929776 -0.368125 
2.96 0 0 0.968583 -0.24869 
2.98 0 0 0.992115 -0.125333 
3 0 0 1 8.10315e-012 
3.02 0 0 0.992115 0.125333 
3.04 0 0 0.968583 0.24869 
3.06 0 0 0.929776 0.368125 
3.08 0 0 0.876307 0.481754 
3.1 0 0 0.809017 0.587785 
3.12 0 0 0.728969 0.684547 
3.14 0 0 0.637424 0.770513 
3.16 0 0 0.535827 0.844328 
3.18 0 0 0.425779 0.904827 
3.2 0 0 0.309017 0.951057 
3.22 0 0 0.187381 0.982287 
3.24 0 0 0.0627905 0.998027 
3.26 0 0 -0.0627905 0.998027 
3.28 0 0 -0.187381 0.982287 
3.3 0 0 -0.309017 0.951057 
3.32 0 0 -0.425779 0.904827 
3.34 0 0 -0.535827 0.844328 
3.36 0 0 -0.637424 0.770513 
3.38 0 0 -0.728969 0.684547 
3.4 0 0 -0.809017 0.587785 
3.42 0 0 -0.876307 0.481754 
3.44 0 0 -0.929776 0.368125 
3.46 0 0 -0.968583 0.24869 
3.48 0 0 -0.992115 0.125333 
3.5 0 0 -1 -9.50756e-012 
3.52 0 0 -0.992115 -0.125333 
3.54 0 0 -0.968583 -0.24869 
3.56 0 0 -0.929776 -0.368125 
3.58 0 0 -0.876307 -0.481754 
3.6 0 0 -0.809017 -0.587785 
3.62 0 0 -0.728969 -0.684547 
3.64 0 0 -0.637424 -0.770513 
3.66 0 0 -0.535827 -0.844328 
3.68 0 0 -0.425779 -0.904827 
3.7 0 0 -0.309017 -0.951057 
3.72 0 0 -0.187381 -0.982287 
3.74 0 0 -0.0627905 -0.998027 
3.76 0 0 0.0627905 -0.998027 
3.78 0 0 0.187381 -0.982287 
3.8 0 0 0.309017 -0.951057 
3.82 0 0 0.425779 -0.904827 
3.84 0 0 0.535827 -0.844328 
3.86 0 0 0.637424 -0.770513 
3.88 0 0 0.728969 -0.684547 
3.9 0 0 0.809017 -0.587785 
3.92 0 0 0.876307 -0.481754 
3.94 0 0 0.929776 -0.368125 
3.96 0 0 0.968583 -0.24869 
3.98 0 0 0.992115 -0.125333 
4 0 0 1 1.0935e-011 
4.02 0 0 0.992115 0.125333 
4.04 0 0 0.968583 0.24869 
4.06 0 0 0.929776 0.368125 
4.08 0 0 0.876307 0.481754 
4.1 0 0 0.809017 0.587785 
4.12 0 0 0.728969 0.684547 
4.14 0 0 0.637424 0.770513 
4.16 0 0 0.535827 0.844328 
4.18 0 0 0.425779 0.904827 
4.2 0 0 0.309017 0.951057 
4.22 0 0 0.187381 0.982287 
4.24 0 0 0.0627905 0.998027 
4.26 0 0 -0.0627905 0.998027 
4.28 0 0 -0.187381 0.982287 
4.3 0 0 -0.309017 0.951057 
4.32 0 0 -0.425779 0.904827 
4.34 0 0 -0.535827 0.844328 
4.36 0 0 -0.637424 0.770513 
4.38 0 0 -0.728969 0.684547 
4.4 0 0 -0.809017 0.587785 
4.42 0 0 -0.876307 0.481754 
4.44 0 0 -0.929776 0.368125 
4.46 0 0 -0.968583 0.24869 
4.48 0 0 -0.992115 0.125333 
4.5 0 0 -1 -1.22949e-011 
4.52 0 0 -0.992115 -0.125333 
4.54 0 0 -0.968583 -0.24869 
4.56 0 0 -0.929776 -0.368125 
4.58 0 0 -0.876307 -0.481754 
4.6 0 0 -0.809017 -0.587785 
4.62 0 0 -0.728969 -0.684547 
4.64 0 0 -0.637424 -0.770513 
4.66 0 0 -0.535827 -0.844328 
4.68 0 0 -0.425779 -0.904827 
4.7 0 0 -0.309017 -0.951057 
4.72 0 0 -0.187381 -0.982287 
4.74 0 0 -0.0627905 -0.998027 
4.76 0 0 0.0627905 -0.998027 
4.78 0 0 0.187381 -0.982287 
4.8 0 0 0.309017 -0.951057 
4.82 0 0 0.425779 -0.904827 
4.84 0 0 0.535827 -0.844328 
4.86 0 0 0.637424 -0.770513 
4.88 0 0 0.728969 -0.684547 
4.9 0 0 0.809017 -0.587785 
4.92 0 0 0.876307 -0.481754 
4.94 0 0 0.929776 -0.368125 
4.96 0 0 0.968583 -0.24869 
4.98 0 0 0.992115 -0.125333 
5 0 0 1 1.37558e-011 
5.02 0 0 0.992115 0.125333 
5.04 0 0 0.968583 0.24869 
5.06 0 0 0.929776 0.368125 
5.08 0 0 0.876307 0.481754 
5.1 0 0 0.809017 0.587785 
5.12 0 0 0.728969 0.684547 
5.14 0 0 0.637424 0.770513 
5.16 0 0 0.535827 0.844328 
5.18 0 0 0.425779 0.904827 
5.2 0 0 0.309017 0.951057 
5.22 0 0 0.187381 0.982287 
5.24 0 0 0.0627905 0.998027 
5.26 0 0 -0.0627905 0.998027 
5.28 0 0 -0.187381 0.982287 
5.3 0 0 -0.309017 0.951057 
5.32 0 0 -0.425779 0.904827 
5.34 0 0 -0.535827 0.844328 
5.36 0 0 -0.637424 0.770513 
5.38 0 0 -0.728969 0.684547 
5.4 0 0 -0.809017 0.587785 
5.42 0 0 -0.876307 0.481754 
5.44 0 0 -0.929776 0.368125 
5.46 0 0 -0.968583 0.24869 
5.48 0 0 -0.992115 0.125333 
5.5 0 0 -1 -1.51454e-011 
5.52 0 0 -0.992115 -0.125333 
5.54 0 0 -0.968583 -0.24869 
5.56 0 0 -0.929776 -0.368125 
5.58 0 0 -0.876307 -0.481754 
5.6 0 0 -0.809017 -0.587785 
5.62 0 0 -0.728969 -0.684547 
5.64 0 0 -0.637424 -0.770513 
5.66 0 0 -0.535827 -0.844328 
5.68 0 0 -0.425779 -0.904827 
5.7 0 0 -0.309017 -0.951057 
5.72 0 0 -0.187381 -0.982287 
5.74 0 0 -0.0627905 -0.998027 
5.76 0 0 0.0627905 -0.998027 
5.78 0 0 0.187381 -0.982287 
5.8 0 0 0.309017 -0.951057 
5.82 0 0 0.425779 -0.904827 
5.84 0 0 0.535827 -0.844328 
5.86 0 0 0.637424 -0.770513 
5.88 0 0 0.728969 -0.684547 
5.9 0 0 0.809017 -0.587785 
5.92 0 0 0.876307 -0.481754 
5.94 0 0 0.929776 -0.368125 
5.96 0 0 0.968583 -0.24869 
5.98 0 0 0.992115 -0.125333 
6 0 0 1 1.65654e-011 
6.02 0 0 0.992115 0.125333 
6.04 0 0 0.968583 0.24869 
6.06 0 0 0.929776 0.368125 
6.08 0 0 0.876307 0.481754 
6.1 0 0 0.809017 0.587785 
6.12 0 0 0.728969 0.684547 
6.14 0 0 0.637424 0.770513 
6.16 0 0 0.535827 0.844328 
6.18 0 0 0.425779 0.904827 
6.2 0 0 0.309017 0.951057 
6.22 0 0 0.187381 0.982287 
6.24 0 0 0.0627905 0.998027 
6.26 0 0 -0.0627905 0.998027 
6.28 0 0 -0.187381 0.982287 
6.3 0 0 -0.309017 0.951057 
6.32 0 0 -0.425779 0.904827 
6.34 0 0 -0.535827 0.844328 
6.36 0 0 -0.637424 0.770513 
6.38 0 0 -0.728969 0.684547 
6.4 0 0 -0.809017 0.587785 
6.42 0 0 -0.876307 0.481754 
6.44 0 0 -0.929776 0.368125 
6.46 0 0 -0.968583 0.24869 
6.48 0 0 -0.992115 0.125333 
6.5 0 0 -1 -1.79023e-011 
6.52 0 0 -0.992115 -0.125333 
6.54 0 0 -0.968583 -0.24869 
6.56 0 0 -0.929776 -0.368125 
6.58 0 0 -0.876307 -0.481754 
6.6 0 0 -0.809017 -0.587785 
6.62 0 0 -0.728969 -0.684547 
6.64 0 0 -0.637424 -0.770513 
6.66 0 0 -0.535827 -0.844328 
6.68 0 0 -0.425779 -0.904827 
6.7 0 0 -0.309017 -0.951057 
6.72 0 0 -0.187381 -0.982287 
6.74 0 0 -0.0627905 -0.998027 
6.76 0 0 0.0627905 -0.998027 
6.78 0 0 0.187381 -0.982287 
6.8 0 0 0.309017 -0.951057 
6.82 0 0 0.425779 -0.904827 
6.84 0 0 0.535827 -0.844328 
6.86 0 0 0.637424 -0.770513 
6.88 0 0 0.728969 -0.684547 
6.9 0 0 0.809017 -0.587785 
6.92 0 0 0.876307 -0.481754 
6.94 0 0 0.929776 -0.368125 
6.96 0 0 0.968583 -0.24869 
6.98 0 0 0.992115 -0.125333 
7 0 0 1 1.91964e-011 
7.02 0 0 0.992115 0.125333 
7.04 0 0 0.968583 0.24869 
7.06 0 0 0.929776 0.368125 
7.08 0 0 0.876307 0.481754 
7.1 0 0 0.809017 0.587785 
7.12 0 0 0.728969 0.684547 
7.14 0 0 0.637424 0.770513 
7.16 0 0 0.535827 0.844328 
7.18 0 0 0.425779 0.904827 
7.2 0 0 0.309017 0.951057 
7.22 0 0 0.187381 0.982287 
7.24 0 0 0.0627905 0.998027 
7.26 0 0 -0.0627905 0.998027 
7.28 0 0 -0.187381 0.982287 
7.3 0 0 -0.309017 0.951057 
7.32 0 0 -0.425779 0.904827 
7.34 0 0 -0.535827 0.844328 
7.36 0 0 -0.637424 0.770513 
7.38 0 0 -0.728969 0.684547 
7.4 0 0 -0.809017 0.587785 
7.42 0 0 -0.876307 0.481754 
7.44 0 0 -0.929776 0.368125 
7.46 0 0 -0.968583 0.24869 
7.48 0 0 -0.992115 0.125333 
7.5 0 0 -1 -2.04575e-011 
7.52 0 0 -0.992115 -0.125333 
7.54 0 0 -0.968583 -0.24869 
7.56 0 0 -0.929776 -0.368125 
7.58 0 0 -0.876307 -0.481754 
7.6 0 0 -0.809017 -0.587785 
7.62 0 0 -0.728969 -0.684547 
7.64 0 0 -0.637424 -0.770513 
7.66 0 0 -0.535827 -0.844328 
7.68 0 0 -0.425779 -0.904827 
7.7 0 0 -0.309017 -0.951057 
7.72 0 0 -0.187381 -0.982287 
7.74 0 0 -0.0627905 -0.998027 
7.76 0 0 0.0627905 -0.998027 
7.78 0 0 0.187381 -0.982287 
7.8 0 0 0.309017 -0.951057 
7.82 0 0 0.425779 -0.904827 
7.84 0 0 0.535827 -0.844328 
7.86 0 0 0.637424 -0.770513 
7.88 0 0 0.728969 -0.684547 
7.9 0 0 0.809017 -0.587785 
7.92 0 0 0.876307 -0.481754 
7.94 0 0 0.929776 -0.368125 
7.96 0 0 0.968583 -0.24869 
7.98 0 0 0.992115 -0.125333 
8 0 0 1 2.17906e-011 
8.02 0 0 0.992115 0.125333 
8.04 0 0 0.968583 0.24869 
8.06 0 0 0.929776 0.368125 
8.08 0 0 0.876307 0.481754 
8.1 0 0 0.809017 0.587785 
8.12 0 0 0.728969 0.684547 
8.14 0 0 0.637424 0.770513 
8.16 0 0 0.535827 0.844328 
8.18 0 0 0.425779 0.904827 
8.2 0 0 0.309017 0.951057 
8.22 0 0 0.187381 0.982287 
8.24 0 0 0.0627905 0.998027 
8.26 0 0 -0.0627905 0.998027 
8.28 0 0 -0.187381 0.982287 
8.3 0 0 -0.309017 0.951057 
8.32 0 0 -0.425779 0.904827 
8.34 0 0 -0.535827 0.844328 
8.36 0 0 -0.637424 0.770513 
8.38 0 0 -0.728969 0.684547 
8.4 0 0 -0.809017 0.587785 
8.42 0 0 -0.876307 0.481754 
8.44 0 0 -0.929776 0.368125 
8.46 0 0 -0.968583 0.24869 
8.48 0 0 -0.992115 0.125333 
8.5 0 0 -1 -2.31071e-011 
8.52 0 0 -0.992115 -0.125333 
8.54 0 0 -0.968583 -0.24869 
8.56 0 0 -0.929776 -0.368125 
8.58 0 0 -0.876307 -0.481754 
8.6 0 0 -0.809017 -0.587785 
8.62 0 0 -0.728969 -0.684547 
8.64 0 0 -0.637424 -0.770513 
8.66 0 0 -0.535827 -0.844328 
8.68 0 0 -0.425779 -0.904827 
8.7 0 0 -0.309017 -0.951057 
8.72 0 0 -0.187381 -0.982287 
8.74 0 0 -0.0627905 -0.998027 
8.76 0 0 0.0627905 -0.998027 
8.78 0 0 0.187381 -0.982287 
8.8 0 0 0.309017 -0.951057 
8.82 0 0 0.425779 -0.904827 
8.84 0 0 0.535827 -0.844328 
8.86 0 0 0.637424 -0.770513 
8.88 0 0 0.728969 -0.684547 
8.9 0 0 0.809017 -0.587785 
8.92 0 0 0.876307 -0.481754 
8.94 0 0 0.929776 -0.368125 
8.96 0 0 0.968583 -0.24869 
8.98 0 0 0.992115 -0.125333 
9 0 0 1 2.44731e-011 
9.02 0 0 0.992115 0.125333 
9.04 0 0 0.968583 0.24869 
9.06 0 0 0.929776 0.368125 
9.08 0 0 0.876307 0.481754 
9.1 0 0 0.809017 0.587785 
9.12 0 0 0.728969 0.684547 
9.14 0 0 0.637424 0.770513 
9.16 0 0 0.535827 0.844328 
9.18 0 0 0.425779 0.904827 
9.2 0 0 0.309017 0.951057 
9.22 0 0 0.187381 0.982287 
9.24 0 0 0.0627905 0.998027 
9.26 0 0 -0.0627905 0.998027 
9.28 0 0 -0.187381 0.982287 
9.3 0 0 -0.309017 0.951057 
9.32 0 0 -0.425779 0.904827 
9.34 0 0 -0.535827 0.844328 
9.36 0 0 -0.637424 0.770513 
9.38 0 0 -0.728969 0.684547 
9.4 0 0 -0.809017 0.587785 
9.42 0 0 -0.876307 0.481754 
9.44 0 0 -0.929776 0.368125 
9.46 0 0 -0.968583 0.24869 
9.48 0 0 -0.992115 0.125333 
9.5 0 0 -1 -2.57742e-011 
9.52 0 0 -0.992115 -0.125333 
9.54 0 0 -0.968583 -0.24869 
9.56 0 0 -0.929776 -0.368125 
9.58 0 0 -0.876307 -0.481754 
9.6 0 0 -0.809017 -0.587785 
9.62 0 0 -0.728969 -0.684547 
9.64 0 0 -0.637424 -0.770513 
9.66 0 0 -0.535827 -0.844328 
9.68 0 0 -0.425779 -0.904827 
9.7 0 0 -0.309017 -0.951057 
9.72 0 0 -0.187381 -0.982287 
9.74 0 0 -0.0627905 -0.998027 
9.76 0 0 0.0627905 -0.998027 
9.78 0 0 0.187381 -0.982287 
9.8 0 0 0.309017 -0.951057 
9.82 0 0 0.425779 -0.904827 
9.84 0 0 0.535827 -0.844328 
9.86 0 0 0.637424 -0.770513 
9.88 0 0 0.728969 -0.684547 
9.9 0 0 0.809017 -0.587785 
9.92 0 0 0.876307 -0.481754 
9.94 0 0 0.929776 -0.368125 
9.96 0 0 0.968583 -0.24869 
9.98 0 0 0.992115 -0.125333 
10 0 0 1 2.72281e-011 
