0 0 0 1 0 
0.02 0 0 0.992115 0.125334 
0.04 0 0 0.968583 0.248692 
0.06 0 0 0.929776 0.368127 
0.08 0 0 0.876306 0.481757 
0.1 0 0 0.809017 0.587789 
0.12 0 0 0.728968 0.684552 
0.14 0 0 0.637423 0.770518 
0.16 0 0 0.535826 0.844334 
0.18 0 0 0.425779 0.904833 
0.2 0 0 0.309017 0.951064 
0.22 0 0 0.187382 0.982295 
0.24 0 0 0.0627912 0.998036 
0.26 0 0 -0.0627894 0.998037 
0.28 0 0 -0.18738 0.982299 
0.3 0 0 -0.309015 0.951071 
0.32 0 0 -0.425778 0.904843 
0.34 0 0 -0.535825 0.844347 
0.36 0 0 -0.637423 0.770535 
0.38 0 0 -0.728969 0.684572 
0.4 0 0 -0.809019 0.587813 
0.42 0 0 -0.876311 0.481785 
0.44 0 0 -0.929783 0.368159 
0.46 0 0 -0.968594 0.248727 
0.48 0 0 -0.99213 0.125373 
0.5 0 0 -1.00002 4.13415e-005 
0.52 0 0 -0.99214 -0.125291 
0.54 0 0 -0.968614 -0.248647 
0.56 0 0 -0.929814 -0.368082 
0.58 0 0 -0.876351 -0.481712 
0.6 0 0 -0.809067 -0.587746 
0.62 0 0 -0.729025 -0.684512 
0.64 0 0 -0.637487 -0.770482 
0.66 0 0 -0.535895 -0.844303 
0.68 0 0 -0.425852 -0.904808 
0.7 0 0 -0.309094 -0.951045 
0.72 0 0 -0.187461 -0.982284 
0.74 0 0 -0.0628719 -0.998032 
0.76 0 0 0.0627087 -0.998041 
0.78 0 0 0.1873 -0.982311 
0.8 0 0 0.308938 -0.951089 
0.82 0 0 0.425704 -0.904869 
0.84 0 0 0.535757 -0.844378 
0.86 0 0 0.63736 -0.770571 
0.88 0 0 0.728912 -0.684612 
0.9 0 0 0.808968 -0.587856 
0.92 0 0 0.876267 -0.481829 
0.94 0 0 0.929746 -0.368204 
0.96 0 0 0.968562 -0.248772 
0.98 0 0 0.992104 -0.125416 
1 0 0 1 -8.26822e-005 
1.02 0 0 0.992125 0.125252 
1.04 0 0 0.968604 0.248611 
1.06 0 0 0.929807 0.36805 
1.08 0 0 0.876346 0.481684 
1.1 0 0 0.809065 0.587722 
1.12 0 0 0.729025 0.684491 
1.14 0 0 0.637487 0.770466 
1.16 0 0 0.535896 0.844289 
1.18 0 0 0.425854 0.904798 
1.2 0 0 0.309096 0.951038 
1.22 0 0 0.187463 0.98228 
1.24 0 0 0.0628738 0.998031 
1.26 0 0 -0.0627069 0.998042 
1.28 0 0 -0.187299 0.982315 
1.3 0 0 -0.308937 0.951096 
1.32 0 0 -0.425703 0.904879 
1.34 0 0 -0.535755 0.844391 
1.36 0 0 -0.637359 0.770588 
1.38 0 0 -0.728912 0.684632 
1.4 0 0 -0.80897 0.58788 
1.42 0 0 -0.876271 0.481857 
1.44 0 0 -0.929753 0.368236 
1.46 0 0 -0.968573 0.248807 
1.48 0 0 -0.992119 0.125455 
1.5 0 0 -1.00002 0.000124024 
1.52 0 0 -0.99215 -0.125209 
1.54 0 0 -0.968635 -0.248567 
1.56 0 0 -0.929844 -0.368005 
1.58 0 0 -0.87639 -0.48164 
1.6 0 0 -0.809116 -0.587679 
1.62 0 0 -0.729082 -0.684451 
1.64 0 0 -0.63755 -0.77043 
1.66 0 0 -0.535965 -0.844258 
1.68 0 0 -0.425927 -0.904773 
1.7 0 0 -0.309173 -0.95102 
1.72 0 0 -0.187542 -0.982268 
1.74 0 0 -0.0629544 -0.998027 
1.76 0 0 0.0626262 -0.998046 
1.78 0 0 0.187219 -0.982326 
1.8 0 0 0.30886 -0.951115 
1.82 0 0 0.425629 -0.904904 
1.84 0 0 0.535687 -0.844422 
1.86 0 0 0.637296 -0.770624 
1.88 0 0 0.728855 -0.684672 
1.9 0 0 0.808919 -0.587923 
1.92 0 0 0.876227 -0.481902 
1.94 0 0 0.929715 -0.368281 
1.96 0 0 0.968542 -0.248852 
1.98 0 0 0.992094 -0.125498 
2 0 0 1 -0.000165364 
2.02 0 0 0.992135 0.12517 
2.04 0 0 0.968624 0.248531 
2.06 0 0 0.929837 0.367973 
2.08 0 0 0.876386 0.481612 
2.1 0 0 0.809114 0.587655 
2.12 0 0 0.729081 0.684431 
2.14 0 0 0.637551 0.770413 
2.16 0 0 0.535966 0.844245 
2.18 0 0 0.425929 0.904763 
2.2 0 0 0.309174 0.951013 
2.22 0 0 0.187544 0.982264 
2.24 0 0 0.0629563 0.998026 
2.26 0 0 -0.0626243 0.998048 
2.28 0 0 -0.187217 0.98233 
2.3 0 0 -0.308858 0.951122 
2.32 0 0 -0.425628 0.904914 
2.34 0 0 -0.535686 0.844435 
2.36 0 0 -0.637296 0.77064 
2.38 0 0 -0.728856 0.684692 
2.4 0 0 -0.808922 0.587947 
2.42 0 0 -0.876231 0.48193 
2.44 0 0 -0.929723 0.368312 
2.46 0 0 -0.968553 0.248887 
2.48 0 0 -0.992109 0.125537 
2.5 0 0 -1.00002 0.000206707 
2.52 0 0 -0.992161 -0.125127 
2.54 0 0 -0.968655 -0.248487 
2.56 0 0 -0.929875 -0.367928 
2.58 0 0 -0.87643 -0.481567 
2.6 0 0 -0.809165 -0.587612 
2.62 0 0 -0.729139 -0.684391 
2.64 0 0 -0.637614 -0.770377 
2.66 0 0 -0.536035 -0.844214 
2.68 0 0 -0.426002 -0.904738 
2.7 0 0 -0.309251 -0.950994 
2.72 0 0 -0.187623 -0.982253 
2.74 0 0 -0.0630369 -0.998022 
2.76 0 0 0.0625437 -0.998051 
2.78 0 0 0.187138 -0.982342 
2.8 0 0 0.308781 -0.95114 
2.82 0 0 0.425555 -0.904939 
2.84 0 0 0.535617 -0.844467 
2.86 0 0 0.637232 -0.770676 
2.88 0 0 0.728798 -0.684732 
2.9 0 0 0.808871 -0.58799 
2.92 0 0 0.876187 -0.481974 
2.94 0 0 0.929685 -0.368358 
2.96 0 0 0.968521 -0.248932 
2.98 0 0 0.992084 -0.12558 
3 0 0 1 -0.000248046 
3.02 0 0 0.992146 0.125088 
3.04 0 0 0.968645 0.248451 
3.06 0 0 0.929868 0.367896 
3.08 0 0 0.876426 0.481539 
3.1 0 0 0.809162 0.587588 
3.12 0 0 0.729138 0.684371 
3.14 0 0 0.637615 0.77036 
3.16 0 0 0.536036 0.844201 
3.18 0 0 0.426003 0.904728 
3.2 0 0 0.309253 0.950987 
3.22 0 0 0.187625 0.982249 
3.24 0 0 0.0630388 0.99802 
3.26 0 0 -0.0625418 0.998053 
3.28 0 0 -0.187136 0.982346 
3.3 0 0 -0.308779 0.951147 
3.32 0 0 -0.425553 0.904949 
3.34 0 0 -0.535616 0.84448 
3.36 0 0 -0.637232 0.770693 
3.38 0 0 -0.728799 0.684753 
3.4 0 0 -0.808873 0.588014 
3.42 0 0 -0.876191 0.482002 
3.44 0 0 -0.929692 0.368389 
3.46 0 0 -0.968532 0.248967 
3.48 0 0 -0.992098 0.125619 
3.5 0 0 -1.00002 0.00028939 
3.52 0 0 -0.992171 -0.125044 
3.54 0 0 -0.968676 -0.248406 
3.56 0 0 -0.929905 -0.367851 
3.58 0 0 -0.87647 -0.481495 
3.6 0 0 -0.809213 -0.587546 
3.62 0 0 -0.729195 -0.684331 
3.64 0 0 -0.637678 -0.770324 
3.66 0 0 -0.536104 -0.84417 
3.68 0 0 -0.426077 -0.904703 
3.7 0 0 -0.30933 -0.950968 
3.72 0 0 -0.187705 -0.982237 
3.74 0 0 -0.0631195 -0.998016 
3.76 0 0 0.0624612 -0.998057 
3.78 0 0 0.187057 -0.982357 
3.8 0 0 0.308702 -0.951166 
3.82 0 0 0.42548 -0.904974 
3.84 0 0 0.535547 -0.844511 
3.86 0 0 0.637169 -0.770729 
3.88 0 0 0.728742 -0.684793 
3.9 0 0 0.808822 -0.588057 
3.92 0 0 0.876147 -0.482047 
3.94 0 0 0.929654 -0.368434 
3.96 0 0 0.968501 -0.249012 
3.98 0 0 0.992073 -0.125662 
4 0 0 1 -0.000330729 
4.02 0 0 0.992156 0.125006 
4.04 0 0 0.968665 0.248371 
4.06 0 0 0.929898 0.367819 
4.08 0 0 0.876466 0.481467 
4.1 0 0 0.809211 0.587521 
4.12 0 0 0.729194 0.68431 
4.14 0 0 0.637678 0.770307 
4.16 0 0 0.536106 0.844156 
4.18 0 0 0.426078 0.904693 
4.2 0 0 0.309332 0.950961 
4.22 0 0 0.187707 0.982233 
4.24 0 0 0.0631213 0.998015 
4.26 0 0 -0.0624593 0.998058 
4.28 0 0 -0.187055 0.982361 
4.3 0 0 -0.308701 0.951173 
4.32 0 0 -0.425478 0.904984 
4.34 0 0 -0.535546 0.844524 
4.36 0 0 -0.637168 0.770746 
4.38 0 0 -0.728742 0.684813 
4.4 0 0 -0.808824 0.588081 
4.42 0 0 -0.876151 0.482074 
4.44 0 0 -0.929662 0.368466 
4.46 0 0 -0.968511 0.249047 
4.48 0 0 -0.992088 0.125701 
4.5 0 0 -1.00002 0.000372073 
4.52 0 0 -0.992181 -0.124962 
4.54 0 0 -0.968696 -0.248326 
4.56 0 0 -0.929936 -0.367774 
4.58 0 0 -0.87651 -0.481422 
4.6 0 0 -0.809262 -0.587479 
4.62 0 0 -0.729252 -0.68427 
4.64 0 0 -0.637742 -0.770271 
4.66 0 0 -0.536174 -0.844125 
4.68 0 0 -0.426152 -0.904667 
4.7 0 0 -0.309408 -0.950943 
4.72 0 0 -0.187786 -0.982222 
4.74 0 0 -0.063202 -0.998011 
4.76 0 0 0.0623786 -0.998062 
4.78 0 0 0.186976 -0.982373 
4.8 0 0 0.308624 -0.951191 
4.82 0 0 0.425405 -0.905009 
4.84 0 0 0.535477 -0.844555 
4.86 0 0 0.637105 -0.770782 
4.88 0 0 0.728685 -0.684853 
4.9 0 0 0.808773 -0.588123 
4.92 0 0 0.876107 -0.482119 
4.94 0 0 0.929624 -0.368511 
4.96 0 0 0.96848 -0.249092 
4.98 0 0 0.992063 -0.125744 
5 0 0 1 -0.000413411 
5.02 0 0 0.992166 0.124924 
5.04 0 0 0.968686 0.248291 
5.06 0 0 0.929928 0.367743 
5.08 0 0 0.876505 0.481394 
5.1 0 0 0.809259 0.587455 
5.12 0 0 0.729251 0.68425 
5.14 0 0 0.637742 0.770255 
5.16 0 0 0.536175 0.844112 
5.18 0 0 0.426153 0.904657 
5.2 0 0 0.30941 0.950936 
5.22 0 0 0.187788 0.982218 
5.24 0 0 0.0632038 0.99801 
5.26 0 0 -0.0623768 0.998063 
5.28 0 0 -0.186974 0.982377 
5.3 0 0 -0.308622 0.951198 
5.32 0 0 -0.425403 0.905019 
5.34 0 0 -0.535476 0.844568 
5.36 0 0 -0.637104 0.770798 
5.38 0 0 -0.728686 0.684873 
5.4 0 0 -0.808776 0.588148 
5.42 0 0 -0.876112 0.482147 
5.44 0 0 -0.929631 0.368543 
5.46 0 0 -0.968491 0.249127 
5.48 0 0 -0.992078 0.125783 
5.5 0 0 -1.00002 0.000454756 
5.52 0 0 -0.992192 -0.12488 
5.54 0 0 -0.968717 -0.248246 
5.56 0 0 -0.929966 -0.367697 
5.58 0 0 -0.87655 -0.48135 
5.6 0 0 -0.80931 -0.587412 
5.62 0 0 -0.729308 -0.68421 
5.64 0 0 -0.637805 -0.770219 
5.66 0 0 -0.536244 -0.844081 
5.68 0 0 -0.426226 -0.904632 
5.7 0 0 -0.309487 -0.950917 
5.72 0 0 -0.187867 -0.982206 
5.74 0 0 -0.0632845 -0.998006 
5.76 0 0 0.0622961 -0.998067 
5.78 0 0 0.186894 -0.982388 
5.8 0 0 0.308545 -0.951217 
5.82 0 0 0.42533 -0.905045 
5.84 0 0 0.535407 -0.844599 
5.86 0 0 0.637041 -0.770834 
5.88 0 0 0.728628 -0.684913 
5.9 0 0 0.808725 -0.58819 
5.92 0 0 0.876067 -0.482191 
5.94 0 0 0.929594 -0.368588 
5.96 0 0 0.96846 -0.249172 
5.98 0 0 0.992052 -0.125826 
6 0 0 1 -0.000496093 
6.02 0 0 0.992177 0.124842 
6.04 0 0 0.968706 0.248211 
6.06 0 0 0.929959 0.367666 
6.08 0 0 0.876545 0.481322 
6.1 0 0 0.809308 0.587388 
6.12 0 0 0.729308 0.68419 
6.14 0 0 0.637806 0.770202 
6.16 0 0 0.536245 0.844068 
6.18 0 0 0.426228 0.904622 
6.2 0 0 0.309489 0.95091 
6.22 0 0 0.187869 0.982202 
6.24 0 0 0.0632864 0.998005 
6.26 0 0 -0.0622943 0.998068 
6.28 0 0 -0.186892 0.982392 
6.3 0 0 -0.308543 0.951224 
6.32 0 0 -0.425329 0.905055 
6.34 0 0 -0.535406 0.844613 
6.36 0 0 -0.637041 0.770851 
6.38 0 0 -0.728629 0.684933 
6.4 0 0 -0.808727 0.588214 
6.42 0 0 -0.876072 0.482219 
6.44 0 0 -0.929601 0.36862 
6.46 0 0 -0.96847 0.249207 
6.48 0 0 -0.992067 0.125865 
6.5 0 0 -1.00002 0.000537439 
6.52 0 0 -0.992202 -0.124798 
6.54 0 0 -0.968738 -0.248166 
6.56 0 0 -0.929996 -0.36762 
6.58 0 0 -0.876589 -0.481277 
6.6 0 0 -0.809359 -0.587345 
6.62 0 0 -0.729365 -0.68415 
6.64 0 0 -0.637869 -0.770166 
6.66 0 0 -0.536314 -0.844037 
6.68 0 0 -0.426301 -0.904597 
6.7 0 0 -0.309566 -0.950892 
6.72 0 0 -0.187948 -0.982191 
6.74 0 0 -0.063367 -0.998001 
6.76 0 0 0.0622136 -0.998072 
6.78 0 0 0.186813 -0.982404 
6.8 0 0 0.308466 -0.951242 
6.82 0 0 0.425255 -0.90508 
6.84 0 0 0.535338 -0.844644 
6.86 0 0 0.636977 -0.770887 
6.88 0 0 0.728572 -0.684973 
6.9 0 0 0.808676 -0.588257 
6.92 0 0 0.876027 -0.482264 
6.94 0 0 0.929563 -0.368665 
6.96 0 0 0.968439 -0.249252 
6.98 0 0 0.992042 -0.125908 
7 0 0 1 -0.000578775 
7.02 0 0 0.992187 0.12476 
7.04 0 0 0.968727 0.248131 
7.06 0 0 0.929989 0.367589 
7.08 0 0 0.876585 0.48125 
7.1 0 0 0.809357 0.587321 
7.12 0 0 0.729364 0.68413 
7.14 0 0 0.637869 0.770149 
7.16 0 0 0.536315 0.844023 
7.18 0 0 0.426303 0.904587 
7.2 0 0 0.309567 0.950885 
7.22 0 0 0.18795 0.982187 
7.24 0 0 0.0633689 0.997999 
7.26 0 0 -0.0622117 0.998073 
7.28 0 0 -0.186811 0.982408 
7.3 0 0 -0.308465 0.951249 
7.32 0 0 -0.425254 0.90509 
7.34 0 0 -0.535336 0.844657 
7.36 0 0 -0.636977 0.770904 
7.38 0 0 -0.728572 0.684994 
7.4 0 0 -0.808678 0.588281 
7.42 0 0 -0.876032 0.482292 
7.44 0 0 -0.92957 0.368697 
7.46 0 0 -0.96845 0.249287 
7.48 0 0 -0.992057 0.125947 
7.5 0 0 -1.00002 0.000620122 
7.52 0 0 -0.992212 -0.124716 
7.54 0 0 -0.968758 -0.248086 
7.56 0 0 -0.930027 -0.367544 
7.58 0 0 -0.876629 -0.481205 
7.6 0 0 -0.809407 -0.587278 
7.62 0 0 -0.729421 -0.68409 
7.64 0 0 -0.637933 -0.770113 
7.66 0 0 -0.536384 -0.843992 
7.68 0 0 -0.426376 -0.904562 
7.7 0 0 -0.309644 -0.950866 
7.72 0 0 -0.18803 -0.982175 
7.74 0 0 -0.0634495 -0.997996 
7.76 0 0 0.0621311 -0.998077 
7.78 0 0 0.186732 -0.982419 
7.8 0 0 0.308388 -0.951268 
7.82 0 0 0.42518 -0.905115 
7.84 0 0 0.535268 -0.844688 
7.86 0 0 0.636914 -0.77094 
7.88 0 0 0.728515 -0.685034 
7.9 0 0 0.808628 -0.588324 
7.92 0 0 0.875988 -0.482336 
7.94 0 0 0.929533 -0.368742 
7.96 0 0 0.968418 -0.249332 
7.98 0 0 0.992032 -0.12599 
8 0 0 1 -0.000661457 
8.02 0 0 0.992197 0.124678 
8.04 0 0 0.968747 0.248051 
8.06 0 0 0.93002 0.367512 
8.08 0 0 0.876625 0.481177 
8.1 0 0 0.809405 0.587254 
8.12 0 0 0.729421 0.684069 
8.14 0 0 0.637933 0.770097 
8.16 0 0 0.536385 0.843979 
8.18 0 0 0.426377 0.904552 
8.2 0 0 0.309646 0.950859 
8.22 0 0 0.188031 0.982171 
8.24 0 0 0.0634514 0.997994 
8.26 0 0 -0.0621292 0.998079 
8.28 0 0 -0.18673 0.982423 
8.3 0 0 -0.308386 0.951275 
8.32 0 0 -0.425179 0.905125 
8.34 0 0 -0.535267 0.844701 
8.36 0 0 -0.636913 0.770956 
8.38 0 0 -0.728516 0.685054 
8.4 0 0 -0.80863 0.588348 
8.42 0 0 -0.875992 0.482364 
8.44 0 0 -0.92954 0.368774 
8.46 0 0 -0.968429 0.249367 
8.48 0 0 -0.992046 0.126029 
8.5 0 0 -1.00002 0.000702805 
8.52 0 0 -0.992223 -0.124634 
8.54 0 0 -0.968779 -0.248006 
8.56 0 0 -0.930057 -0.367467 
8.58 0 0 -0.876669 -0.481132 
8.6 0 0 -0.809456 -0.587211 
8.62 0 0 -0.729478 -0.684029 
8.64 0 0 -0.637996 -0.77006 
8.66 0 0 -0.536453 -0.843948 
8.68 0 0 -0.426451 -0.904526 
8.7 0 0 -0.309723 -0.95084 
8.72 0 0 -0.188111 -0.98216 
8.74 0 0 -0.063532 -0.99799 
8.76 0 0 0.0620486 -0.998082 
8.78 0 0 0.186651 -0.982435 
8.8 0 0 0.308309 -0.951293 
8.82 0 0 0.425106 -0.90515 
8.84 0 0 0.535198 -0.844732 
8.86 0 0 0.63685 -0.770992 
8.88 0 0 0.728459 -0.685094 
8.9 0 0 0.808579 -0.588391 
8.92 0 0 0.875948 -0.482409 
8.94 0 0 0.929502 -0.368819 
8.96 0 0 0.968398 -0.249412 
8.98 0 0 0.992021 -0.126072 
9 0 0 1 -0.000744139 
9.02 0 0 0.992208 0.124596 
9.04 0 0 0.968768 0.247971 
9.06 0 0 0.93005 0.367435 
9.08 0 0 0.876665 0.481105 
9.1 0 0 0.809454 0.587187 
9.12 0 0 0.729477 0.684009 
9.14 0 0 0.637997 0.770044 
9.16 0 0 0.536454 0.843935 
9.18 0 0 0.426452 0.904516 
9.2 0 0 0.309725 0.950833 
9.22 0 0 0.188113 0.982156 
9.24 0 0 0.0635339 0.997989 
9.26 0 0 -0.0620467 0.998084 
9.28 0 0 -0.186649 0.982439 
9.3 0 0 -0.308307 0.9513 
9.32 0 0 -0.425104 0.90516 
9.34 0 0 -0.535197 0.844745 
9.36 0 0 -0.63685 0.771009 
9.38 0 0 -0.728459 0.685114 
9.4 0 0 -0.808581 0.588415 
9.42 0 0 -0.875952 0.482437 
9.44 0 0 -0.929509 0.36885 
9.46 0 0 -0.968408 0.249447 
9.48 0 0 -0.992036 0.126111 
9.5 0 0 -1.00002 0.000785488 
9.52 0 0 -0.992233 -0.124552 
9.54 0 0 -0.968799 -0.247926 
9.56 0 0 -0.930088 -0.36739 
9.58 0 0 -0.876709 -0.48106 
9.6 0 0 -0.809505 -0.587144 
9.62 0 0 -0.729535 -0.683969 
9.64 0 0 -0.63806 -0.770008 
9.66 0 0 -0.536523 -0.843904 
9.68 0 0 -0.426525 -0.904491 
9.7 0 0 -0.309802 -0.950815 
9.72 0 0 -0.188192 -0.982144 
9.74 0 0 -0.0636146 -0.997985 
9.76 0 0 0.061966 -0.998088 
9.78 0 0 0.186569 -0.98245 
9.8 0 0 0.308231 -0.951319 
9.82 0 0 0.425031 -0.905185 
9.84 0 0 0.535128 -0.844776 
9.86 0 0 0.636786 -0.771045 
9.88 0 0 0.728402 -0.685154 
9.9 0 0 0.80853 -0.588458 
9.92 0 0 0.875908 -0.482481 
9.94 0 0 0.929472 -0.368896 
9.96 0 0 0.968377 -0.249492 
9.98 0 0 0.992011 -0.126154 
10 0 0 1 -0.000826822 
