0 0 0 1 0 
0.02 0 0 0.992112 0.125416 
0.04 0 0 0.968573 0.248853 
0.06 0 0 0.929756 0.368365 
0.08 0 0 0.876274 0.482066 
0.1 0 0 0.808973 0.588166 
0.12 0 0 0.728918 0.684992 
0.14 0 0 0.637372 0.771021 
0.16 0 0 0.535782 0.844899 
0.18 0 0 0.425751 0.905467 
0.2 0 0 0.309015 0.951774 
0.22 0 0 0.187414 0.983097 
0.24 0 0 0.0628628 0.998949 
0.26 0 0 -0.0626771 0.999084 
0.28 0 0 -0.187231 0.983508 
0.3 0 0 -0.308842 0.95247 
0.32 0 0 -0.4256 0.906465 
0.34 0 0 -0.535672 0.846219 
0.36 0 0 -0.637331 0.772684 
0.38 0 0 -0.728985 0.687018 
0.4 0 0 -0.809196 0.590569 
0.42 0 0 -0.87671 0.484852 
0.44 0 0 -0.93047 0.371529 
0.46 0 0 -0.969634 0.252378 
0.48 0 0 -0.99359 0.129269 
0.5 0 0 -1.00196 0.00413203 
0.52 0 0 -0.994623 -0.12107 
0.54 0 0 -0.971683 -0.244372 
0.56 0 0 -0.933504 -0.363842 
0.58 0 0 -0.880681 -0.477605 
0.6 0 0 -0.814041 -0.583875 
0.62 0 0 -0.734628 -0.680982 
0.64 0 0 -0.643684 -0.767402 
0.66 0 0 -0.542635 -0.841773 
0.68 0 0 -0.433065 -0.902925 
0.7 0 0 -0.316691 -0.949892 
0.72 0 0 -0.19534 -0.981932 
0.74 0 0 -0.0709191 -0.998535 
0.76 0 0 0.0546174 -0.999435 
0.78 0 0 0.179294 -0.984612 
0.8 0 0 0.30115 -0.954294 
0.82 0 0 0.418264 -0.908951 
0.84 0 0 0.528791 -0.849294 
0.86 0 0 0.630987 -0.776257 
0.88 0 0 0.723239 -0.690987 
0.9 0 0 0.804091 -0.594825 
0.92 0 0 0.872265 -0.489284 
0.94 0 0 0.926684 -0.376028 
0.96 0 0 0.966486 -0.256841 
0.98 0 0 0.991043 -0.133602 
1 0 0 0.999966 -0.00825591 
1.02 0 0 0.993113 0.117221 
1.04 0 0 0.970594 0.240848 
1.06 0 0 0.932765 0.360676 
1.08 0 0 0.880223 0.474815 
1.1 0 0 0.8138 0.581467 
1.12 0 0 0.734546 0.678951 
1.14 0 0 0.643713 0.765732 
1.16 0 0 0.542736 0.840446 
1.18 0 0 0.433209 0.90192 
1.2 0 0 0.316859 0.94919 
1.22 0 0 0.19552 0.981515 
1.24 0 0 0.0711039 0.998394 
1.26 0 0 -0.0544308 0.999565 
1.28 0 0 -0.17911 0.985017 
1.3 0 0 -0.300973 0.954984 
1.32 0 0 -0.418106 0.909944 
1.34 0 0 -0.528672 0.850608 
1.36 0 0 -0.630934 0.777914 
1.38 0 0 -0.723292 0.693007 
1.4 0 0 -0.804297 0.597223 
1.42 0 0 -0.872681 0.492067 
1.44 0 0 -0.927373 0.379191 
1.46 0 0 -0.967519 0.260367 
1.48 0 0 -0.99249 0.137459 
1.5 0 0 -1.0019 0.0123958 
1.52 0 0 -0.995588 -0.112862 
1.54 0 0 -0.973666 -0.23635 
1.56 0 0 -0.936473 -0.356131 
1.58 0 0 -0.884591 -0.470325 
1.6 0 0 -0.818831 -0.577141 
1.62 0 0 -0.740221 -0.6749 
1.64 0 0 -0.649994 -0.762067 
1.66 0 0 -0.549562 -0.837269 
1.68 0 0 -0.4405 -0.899323 
1.7 0 0 -0.324518 -0.947248 
1.72 0 0 -0.203436 -0.980288 
1.74 0 0 -0.0791563 -0.997918 
1.76 0 0 0.0463682 -0.999854 
1.78 0 0 0.171163 -0.986061 
1.8 0 0 0.293264 -0.956749 
1.82 0 0 0.410748 -0.912374 
1.84 0 0 0.521763 -0.853631 
1.86 0 0 0.624559 -0.78144 
1.88 0 0 0.717512 -0.696934 
1.9 0 0 0.799155 -0.601443 
1.92 0 0 0.868197 -0.496469 
1.94 0 0 0.923549 -0.383666 
1.96 0 0 0.964333 -0.264811 
1.98 0 0 0.989907 -0.14178 
2 0 0 0.999864 -0.0165112 
2.02 0 0 0.994047 0.109018 
2.04 0 0 0.972549 0.232827 
2.06 0 0 0.93571 0.352963 
2.08 0 0 0.884112 0.467532 
2.1 0 0 0.818572 0.574729 
2.12 0 0 0.740125 0.672863 
2.14 0 0 0.650011 0.760391 
2.16 0 0 0.549654 0.835937 
2.18 0 0 0.440637 0.898312 
2.2 0 0 0.324681 0.94654 
2.22 0 0 0.203613 0.979866 
2.24 0 0 0.0793401 0.997771 
2.26 0 0 -0.0461809 0.999978 
2.28 0 0 -0.170976 0.98646 
2.3 0 0 -0.293083 0.957433 
2.32 0 0 -0.410584 0.91336 
2.34 0 0 -0.521635 0.854939 
2.36 0 0 -0.624495 0.783091 
2.38 0 0 -0.71755 0.698949 
2.4 0 0 -0.799342 0.603836 
2.42 0 0 -0.868591 0.499248 
2.44 0 0 -0.924214 0.386827 
2.46 0 0 -0.965338 0.268338 
2.48 0 0 -0.991322 0.14564 
2.5 0 0 -1.00176 0.0206587 
2.52 0 0 -0.996485 -0.104647 
2.54 0 0 -0.975583 -0.228311 
2.56 0 0 -0.93938 -0.348395 
2.58 0 0 -0.888441 -0.463013 
2.6 0 0 -0.823564 -0.570368 
2.62 0 0 -0.745764 -0.668772 
2.64 0 0 -0.656259 -0.75668 
2.66 0 0 -0.556452 -0.832708 
2.68 0 0 -0.447905 -0.89566 
2.7 0 0 -0.332323 -0.944541 
2.72 0 0 -0.211518 -0.978578 
2.74 0 0 -0.0873881 -0.997233 
2.76 0 0 0.0381159 -1.0002 
2.78 0 0 0.16302 -0.987441 
2.8 0 0 0.285359 -0.959138 
2.82 0 0 0.403205 -0.915735 
2.84 0 0 0.514701 -0.85791 
2.86 0 0 0.618088 -0.78657 
2.88 0 0 0.711735 -0.702835 
2.9 0 0 0.794163 -0.60802 
2.92 0 0 0.86407 -0.50362 
2.94 0 0 0.920351 -0.391278 
2.96 0 0 0.962115 -0.272764 
2.98 0 0 0.988703 -0.149947 
3 0 0 0.999693 -0.0247655 
3.02 0 0 0.994913 0.100807 
3.04 0 0 0.974438 0.224789 
3.06 0 0 0.938591 0.345226 
3.08 0 0 0.887941 0.460217 
3.1 0 0 0.823287 0.567951 
3.12 0 0 0.745653 0.66673 
3.14 0 0 0.656265 0.754999 
3.16 0 0 0.556534 0.83137 
3.18 0 0 0.448036 0.894643 
3.2 0 0 0.332481 0.943827 
3.22 0 0 0.211692 0.978151 
3.24 0 0 0.0875709 0.99708 
3.26 0 0 -0.0379279 1.00032 
3.28 0 0 -0.16283 0.987835 
3.3 0 0 -0.285173 0.959817 
3.32 0 0 -0.403034 0.916715 
3.34 0 0 -0.514564 0.859212 
3.36 0 0 -0.618013 0.788215 
3.38 0 0 -0.711759 0.704843 
3.4 0 0 -0.794333 0.610408 
3.42 0 0 -0.864443 0.506394 
3.44 0 0 -0.920991 0.394436 
3.46 0 0 -0.963092 0.276291 
3.48 0 0 -0.990087 0.153812 
3.5 0 0 -1.00155 0.0289202 
3.52 0 0 -0.997315 -0.0964246 
3.54 0 0 -0.977433 -0.220257 
3.56 0 0 -0.942222 -0.340635 
3.58 0 0 -0.892231 -0.45567 
3.6 0 0 -0.828242 -0.563556 
3.62 0 0 -0.751256 -0.662599 
3.64 0 0 -0.66248 -0.751242 
3.66 0 0 -0.563303 -0.828091 
3.68 0 0 -0.45528 -0.891935 
3.7 0 0 -0.340105 -0.941768 
3.72 0 0 -0.219585 -0.976802 
3.74 0 0 -0.095614 -0.99648 
3.76 0 0 0.0298609 -1.00049 
3.78 0 0 0.154866 -0.988755 
3.8 0 0 0.277434 -0.961463 
3.82 0 0 0.395634 -0.919033 
3.84 0 0 0.507603 -0.862131 
3.86 0 0 0.611575 -0.791646 
3.88 0 0 0.70591 -0.708687 
3.9 0 0 0.789118 -0.614556 
3.92 0 0 0.859884 -0.510737 
3.94 0 0 0.91709 -0.398863 
3.96 0 0 0.959831 -0.280698 
3.98 0 0 0.987431 -0.158105 
4 0 0 0.999455 -0.033018 
4.02 0 0 0.995711 0.0925898 
4.04 0 0 0.97626 0.216737 
4.06 0 0 0.941409 0.337465 
4.08 0 0 0.891709 0.452871 
4.1 0 0 0.827947 0.561134 
4.12 0 0 0.75113 0.660551 
4.14 0 0 0.662473 0.749555 
4.16 0 0 0.563376 0.826746 
4.18 0 0 0.455404 0.890913 
4.2 0 0 0.340259 0.941049 
4.22 0 0 0.219757 0.976368 
4.24 0 0 0.0957957 0.996322 
4.26 0 0 -0.0296723 1.0006 
4.28 0 0 -0.154674 0.989143 
4.3 0 0 -0.277244 0.962135 
4.32 0 0 -0.395457 0.920007 
4.34 0 0 -0.507457 0.863426 
4.36 0 0 -0.611488 0.793285 
4.38 0 0 -0.705919 0.710689 
4.4 0 0 -0.78927 0.616938 
4.42 0 0 -0.860236 0.513507 
4.44 0 0 -0.917706 0.402019 
4.46 0 0 -0.96078 0.284225 
4.48 0 0 -0.988785 0.161972 
4.5 0 0 -1.00128 0.0371798 
4.52 0 0 -0.998076 -0.0881958 
4.54 0 0 -0.979217 -0.212188 
4.56 0 0 -0.945 -0.332852 
4.58 0 0 -0.89596 -0.448296 
4.6 0 0 -0.832863 -0.556706 
4.62 0 0 -0.756698 -0.65638 
4.64 0 0 -0.668656 -0.745753 
4.66 0 0 -0.570116 -0.823417 
4.68 0 0 -0.462624 -0.888151 
4.7 0 0 -0.347864 -0.938932 
4.72 0 0 -0.227638 -0.974959 
4.74 0 0 -0.103833 -0.995659 
4.76 0 0 0.0216039 -1.0007 
4.78 0 0 0.146701 -0.990002 
4.8 0 0 0.26949 -0.963721 
4.82 0 0 0.388036 -0.922269 
4.84 0 0 0.500471 -0.866293 
4.86 0 0 0.605021 -0.796669 
4.88 0 0 0.700037 -0.714491 
4.9 0 0 0.784019 -0.62105 
4.92 0 0 0.855639 -0.517818 
4.94 0 0 0.913766 -0.40642 
4.96 0 0 0.957481 -0.288612 
4.98 0 0 0.986093 -0.166252 
5 0 0 0.999148 -0.0412683 
5.02 0 0 0.996441 0.0843661 
5.04 0 0 0.978015 0.20867 
5.06 0 0 0.944162 0.329681 
5.08 0 0 0.895416 0.445493 
5.1 0 0 0.83255 0.55428 
5.12 0 0 0.756556 0.654327 
5.14 0 0 0.668637 0.74406 
5.16 0 0 0.57018 0.822067 
5.18 0 0 0.462741 0.887122 
5.2 0 0 0.348013 0.938207 
5.22 0 0 0.227806 0.97452 
5.24 0 0 0.104014 0.995495 
5.26 0 0 -0.0214147 1.00081 
5.28 0 0 -0.146507 0.990383 
5.3 0 0 -0.269296 0.964388 
5.32 0 0 -0.387852 0.923237 
5.34 0 0 -0.500316 0.867581 
5.36 0 0 -0.604923 0.798301 
5.38 0 0 -0.700032 0.716487 
5.4 0 0 -0.784154 0.623427 
5.42 0 0 -0.85597 0.520584 
5.44 0 0 -0.914358 0.409574 
5.46 0 0 -0.958402 0.292139 
5.48 0 0 -0.987415 0.170122 
5.5 0 0 -1.00094 0.0454368 
5.52 0 0 -0.99877 -0.0799609 
5.54 0 0 -0.980935 -0.204105 
5.56 0 0 -0.947714 -0.325047 
5.58 0 0 -0.899628 -0.440891 
5.6 0 0 -0.837428 -0.549818 
5.62 0 0 -0.762087 -0.650117 
5.64 0 0 -0.674786 -0.740213 
5.66 0 0 -0.576891 -0.818687 
5.68 0 0 -0.469936 -0.884305 
5.7 0 0 -0.3556 -0.936032 
5.72 0 0 -0.235675 -0.973049 
5.74 0 0 -0.112046 -0.99477 
5.76 0 0 0.0133454 -1.00085 
5.78 0 0 0.138527 -0.99118 
5.8 0 0 0.261528 -0.965915 
5.82 0 0 0.380411 -0.925442 
5.84 0 0 0.493304 -0.870396 
5.86 0 0 0.598425 -0.801637 
5.88 0 0 0.694116 -0.720246 
5.9 0 0 0.778866 -0.627502 
5.92 0 0 0.851336 -0.524865 
5.94 0 0 0.910381 -0.413951 
5.96 0 0 0.955066 -0.296507 
5.98 0 0 0.984687 -0.174387 
6 0 0 0.998773 -0.0495157 
6.02 0 0 0.997104 0.0761367 
6.04 0 0 0.979704 0.200588 
6.06 0 0 0.946851 0.321875 
6.08 0 0 0.899062 0.438086 
6.1 0 0 0.837096 0.547388 
6.12 0 0 0.761931 0.648059 
6.14 0 0 0.674755 0.738514 
6.16 0 0 0.576945 0.817331 
6.18 0 0 0.470046 0.883271 
6.2 0 0 0.355744 0.935301 
6.22 0 0 0.23584 0.972604 
6.24 0 0 0.112225 0.994601 
6.26 0 0 -0.0131557 1.00095 
6.28 0 0 -0.13833 0.991557 
6.3 0 0 -0.261329 0.966575 
6.32 0 0 -0.380222 0.926403 
6.34 0 0 -0.493141 0.871678 
6.36 0 0 -0.598316 0.803263 
6.38 0 0 -0.694097 0.722236 
6.4 0 0 -0.778984 0.629873 
6.42 0 0 -0.851646 0.527626 
6.44 0 0 -0.910948 0.417101 
6.46 0 0 -0.95596 0.300034 
6.48 0 0 -0.985978 0.17826 
6.5 0 0 -1.00053 0.0536908 
6.52 0 0 -0.999396 -0.0717206 
6.54 0 0 -0.982585 -0.196007 
6.56 0 0 -0.950364 -0.31722 
6.58 0 0 -0.903235 -0.433456 
6.6 0 0 -0.841935 -0.542892 
6.62 0 0 -0.767425 -0.643809 
6.64 0 0 -0.68087 -0.734622 
6.66 0 0 -0.583626 -0.813902 
6.68 0 0 -0.477217 -0.8804 
6.7 0 0 -0.363311 -0.933068 
6.72 0 0 -0.243696 -0.971074 
6.74 0 0 -0.120251 -0.993814 
6.76 0 0 0.00508594 -1.00093 
6.78 0 0 0.130342 -0.992292 
6.8 0 0 0.253547 -0.968042 
6.82 0 0 0.372761 -0.928552 
6.84 0 0 0.486104 -0.874439 
6.86 0 0 0.591789 -0.806551 
6.88 0 0 0.688148 -0.725952 
6.9 0 0 0.773661 -0.633911 
6.92 0 0 0.846975 -0.531876 
6.94 0 0 0.906933 -0.421453 
6.96 0 0 0.952586 -0.304382 
6.98 0 0 0.983214 -0.182511 
7 0 0 0.998331 -0.0577598 
7.02 0 0 0.997698 0.0679021 
7.04 0 0 0.981326 0.192493 
7.06 0 0 0.949475 0.314047 
7.08 0 0 0.902648 0.430648 
7.1 0 0 0.841585 0.540458 
7.12 0 0 0.767253 0.641746 
7.14 0 0 0.680827 0.732918 
7.16 0 0 0.583671 0.81254 
7.18 0 0 0.477319 0.87936 
7.2 0 0 0.36345 0.932331 
7.22 0 0 0.243858 0.970623 
7.24 0 0 0.120429 0.993639 
7.26 0 0 -0.00489578 1.00102 
7.28 0 0 -0.130143 0.992662 
7.3 0 0 -0.253345 0.968696 
7.32 0 0 -0.372565 0.929507 
7.34 0 0 -0.485932 0.875715 
7.36 0 0 -0.591668 0.80817 
7.38 0 0 -0.688115 0.727936 
7.4 0 0 -0.773761 0.636276 
7.42 0 0 -0.847265 0.534632 
7.44 0 0 -0.907476 0.4246 
7.46 0 0 -0.953452 0.307908 
7.48 0 0 -0.984474 0.186386 
7.5 0 0 -1.00006 0.061941 
7.52 0 0 -0.999953 -0.0634754 
7.54 0 0 -0.984169 -0.187896 
7.56 0 0 -0.952948 -0.30937 
7.58 0 0 -0.90678 -0.425991 
7.6 0 0 -0.846386 -0.53593 
7.62 0 0 -0.772711 -0.637458 
7.64 0 0 -0.686908 -0.728982 
7.66 0 0 -0.590321 -0.809061 
7.68 0 0 -0.484465 -0.876435 
7.7 0 0 -0.370998 -0.930041 
7.72 0 0 -0.251701 -0.969032 
7.74 0 0 -0.128447 -0.99279 
7.76 0 0 -0.00317388 -1.00094 
7.78 0 0 0.122149 -0.993336 
7.8 0 0 0.24555 -0.970103 
7.82 0 0 0.365085 -0.931599 
7.84 0 0 0.478871 -0.878423 
7.86 0 0 0.585112 -0.811409 
7.88 0 0 0.682133 -0.731609 
7.9 0 0 0.768402 -0.640277 
7.92 0 0 0.842556 -0.53885 
7.94 0 0 0.903423 -0.428926 
7.96 0 0 0.950042 -0.312236 
7.98 0 0 0.981674 -0.190622 
8 0 0 0.99782 -0.066 
8.02 0 0 0.998224 0.0596629 
8.04 0 0 0.982882 0.184385 
8.06 0 0 0.952035 0.306198 
8.08 0 0 0.906171 0.423181 
8.1 0 0 0.846017 0.533491 
8.12 0 0 0.772524 0.63539 
8.14 0 0 0.686852 0.727272 
8.16 0 0 0.590357 0.807693 
8.18 0 0 0.48456 0.875389 
8.2 0 0 0.371131 0.929298 
8.22 0 0 0.25186 0.968576 
8.24 0 0 0.128624 0.992609 
8.26 0 0 0.00336443 1.00103 
8.28 0 0 -0.121948 0.9937 
8.3 0 0 -0.245343 0.970752 
8.32 0 0 -0.364883 0.932547 
8.34 0 0 -0.478691 0.879692 
8.36 0 0 -0.58498 0.813022 
8.38 0 0 -0.682086 0.733586 
8.4 0 0 -0.768485 0.642636 
8.42 0 0 -0.842825 0.541602 
8.44 0 0 -0.903942 0.432071 
8.46 0 0 -0.950879 0.315761 
8.48 0 0 -0.982903 0.194499 
8.5 0 0 -0.999511 0.0701871 
8.52 0 0 -1.00044 -0.0552259 
8.54 0 0 -0.985686 -0.179773 
8.56 0 0 -0.955468 -0.3015 
8.58 0 0 -0.910264 -0.418498 
8.6 0 0 -0.850779 -0.528931 
8.62 0 0 -0.777944 -0.631063 
8.64 0 0 -0.692899 -0.723292 
8.66 0 0 -0.596977 -0.804165 
8.68 0 0 -0.49168 -0.87241 
8.7 0 0 -0.378659 -0.92695 
8.72 0 0 -0.259688 -0.966924 
8.74 0 0 -0.136635 -0.991698 
8.76 0 0 -0.0114335 -1.00088 
8.78 0 0 0.113948 -0.994312 
8.8 0 0 0.237536 -0.972099 
8.82 0 0 0.357384 -0.934582 
8.84 0 0 0.471605 -0.882347 
8.86 0 0 0.578395 -0.816213 
8.88 0 0 0.676072 -0.737216 
8.9 0 0 0.763091 -0.646599 
8.92 0 0 0.83808 -0.545788 
8.94 0 0 0.899852 -0.43637 
8.96 0 0 0.947432 -0.320069 
8.98 0 0 0.980067 -0.19872 
9 0 0 0.997241 -0.0742357 
9.02 0 0 0.998683 0.0514197 
9.04 0 0 0.98437 0.176264 
9.06 0 0 0.954529 0.298328 
9.08 0 0 0.909633 0.415686 
9.1 0 0 0.850391 0.526489 
9.12 0 0 0.777741 0.62899 
9.14 0 0 0.692831 0.721576 
9.16 0 0 0.597002 0.802791 
9.18 0 0 0.491768 0.871358 
9.2 0 0 0.378788 0.926201 
9.22 0 0 0.259844 0.966462 
9.24 0 0 0.13681 0.991512 
9.26 0 0 0.0116244 1.00096 
9.28 0 0 -0.113745 0.994671 
9.3 0 0 -0.237325 0.972741 
9.32 0 0 -0.357177 0.935524 
9.34 0 0 -0.471416 0.88361 
9.36 0 0 -0.578253 0.817818 
9.38 0 0 -0.67601 0.739187 
9.4 0 0 -0.763157 0.648953 
9.42 0 0 -0.838328 0.548535 
9.44 0 0 -0.900347 0.439511 
9.46 0 0 -0.948242 0.323593 
9.48 0 0 -0.981265 0.202599 
9.5 0 0 -0.998898 0.0784284 
9.52 0 0 -1.00086 -0.0469727 
9.54 0 0 -0.987135 -0.171637 
9.56 0 0 -0.957923 -0.293609 
9.58 0 0 -0.913685 -0.410976 
9.6 0 0 -0.855113 -0.521896 
9.62 0 0 -0.783124 -0.624626 
9.64 0 0 -0.698843 -0.717552 
9.66 0 0 -0.603591 -0.799214 
9.68 0 0 -0.498861 -0.868325 
9.7 0 0 -0.386295 -0.923796 
9.72 0 0 -0.267658 -0.96475 
9.74 0 0 -0.144814 -0.990539 
9.76 0 0 -0.0196924 -1.00075 
9.78 0 0 0.105739 -0.99522 
9.8 0 0 0.229506 -0.974028 
9.82 0 0 0.349659 -0.937502 
9.84 0 0 0.464307 -0.886211 
9.86 0 0 0.571639 -0.820961 
9.88 0 0 0.669964 -0.742773 
9.9 0 0 0.757729 -0.652877 
9.92 0 0 0.833546 -0.552689 
9.94 0 0 0.89622 -0.443784 
9.96 0 0 0.944758 -0.32788 
9.98 0 0 0.978393 -0.206804 
10 0 0 0.996594 -0.0824662 
