0 0 0 1 0 
0.02 0 0 0.992115 0.125333 
0.04 0 0 0.968583 0.24869 
0.06 0 0 0.929776 0.368125 
0.08 0 0 0.876307 0.481754 
0.1 0 0 0.809017 0.587785 
0.12 0 0 0.728969 0.684547 
0.14 0 0 0.637424 0.770513 
0.16 0 0 0.535827 0.844328 
0.18 0 0 0.425779 0.904827 
0.2 0 0 0.309017 0.951057 
0.22 0 0 0.187381 0.982287 
0.24 0 0 0.0627905 0.998027 
0.26 0 0 -0.0627905 0.998027 
0.28 0 0 -0.187381 0.982287 
0.3 0 0 -0.309017 0.951057 
0.32 0 0 -0.425779 0.904827 
0.34 0 0 -0.535827 0.844328 
0.36 0 0 -0.637424 0.770513 
0.38 0 0 -0.728969 0.684547 
0.4 0 0 -0.809017 0.587786 
0.42 0 0 -0.876307 0.481754 
0.44 0 0 -0.929777 0.368125 
0.46 0 0 -0.968583 0.24869 
0.48 0 0 -0.992115 0.125334 
0.5 0 0 -1 4.13417e-007 
0.52 0 0 -0.992115 -0.125333 
0.54 0 0 -0.968583 -0.248689 
0.56 0 0 -0.929777 -0.368124 
0.58 0 0 -0.876307 -0.481753 
0.6 0 0 -0.809017 -0.587785 
0.62 0 0 -0.728969 -0.684547 
0.64 0 0 -0.637425 -0.770513 
0.66 0 0 -0.535827 -0.844328 
0.68 0 0 -0.42578 -0.904827 
0.7 0 0 -0.309018 -0.951056 
0.72 0 0 -0.187382 -0.982287 
0.74 0 0 -0.0627913 -0.998027 
0.76 0 0 0.0627897 -0.998027 
0.78 0 0 0.187381 -0.982287 
0.8 0 0 0.309016 -0.951057 
0.82 0 0 0.425779 -0.904827 
0.84 0 0 0.535826 -0.844328 
0.86 0 0 0.637423 -0.770514 
0.88 0 0 0.728968 -0.684548 
0.9 0 0 0.809017 -0.587786 
0.92 0 0 0.876306 -0.481754 
0.94 0 0 0.929776 -0.368125 
0.96 0 0 0.968583 -0.248691 
0.98 0 0 0.992115 -0.125334 
1 0 0 1 -8.26834e-007 
1.02 0 0 0.992115 0.125332 
1.04 0 0 0.968583 0.248689 
1.06 0 0 0.929777 0.368124 
1.08 0 0 0.876307 0.481753 
1.1 0 0 0.809017 0.587785 
1.12 0 0 0.728969 0.684547 
1.14 0 0 0.637425 0.770513 
1.16 0 0 0.535827 0.844328 
1.18 0 0 0.42578 0.904827 
1.2 0 0 0.309018 0.951056 
1.22 0 0 0.187382 0.982287 
1.24 0 0 0.0627914 0.998027 
1.26 0 0 -0.0627897 0.998027 
1.28 0 0 -0.18738 0.982288 
1.3 0 0 -0.309016 0.951057 
1.32 0 0 -0.425779 0.904828 
1.34 0 0 -0.535826 0.844329 
1.36 0 0 -0.637423 0.770514 
1.38 0 0 -0.728968 0.684548 
1.4 0 0 -0.809017 0.587786 
1.42 0 0 -0.876306 0.481755 
1.44 0 0 -0.929776 0.368126 
1.46 0 0 -0.968583 0.248691 
1.48 0 0 -0.992115 0.125334 
1.5 0 0 -1 1.24025e-006 
1.52 0 0 -0.992115 -0.125332 
1.54 0 0 -0.968584 -0.248689 
1.56 0 0 -0.929777 -0.368123 
1.58 0 0 -0.876308 -0.481753 
1.6 0 0 -0.809018 -0.587784 
1.62 0 0 -0.72897 -0.684546 
1.64 0 0 -0.637425 -0.770512 
1.66 0 0 -0.535828 -0.844327 
1.68 0 0 -0.425781 -0.904827 
1.7 0 0 -0.309019 -0.951056 
1.72 0 0 -0.187383 -0.982287 
1.74 0 0 -0.0627922 -0.998027 
1.76 0 0 0.0627889 -0.998027 
1.78 0 0 0.18738 -0.982288 
1.8 0 0 0.309015 -0.951057 
1.82 0 0 0.425778 -0.904828 
1.84 0 0 0.535825 -0.844329 
1.86 0 0 0.637423 -0.770514 
1.88 0 0 0.728967 -0.684548 
1.9 0 0 0.809016 -0.587787 
1.92 0 0 0.876306 -0.481755 
1.94 0 0 0.929776 -0.368126 
1.96 0 0 0.968583 -0.248692 
1.98 0 0 0.992114 -0.125335 
2 0 0 1 -1.65367e-006 
2.02 0 0 0.992115 0.125332 
2.04 0 0 0.968584 0.248688 
2.06 0 0 0.929777 0.368123 
2.08 0 0 0.876307 0.481752 
2.1 0 0 0.809018 0.587784 
2.12 0 0 0.72897 0.684546 
2.14 0 0 0.637425 0.770512 
2.16 0 0 0.535828 0.844327 
2.18 0 0 0.425781 0.904826 
2.2 0 0 0.309019 0.951056 
2.22 0 0 0.187383 0.982287 
2.24 0 0 0.0627922 0.998027 
2.26 0 0 -0.0627889 0.998027 
2.28 0 0 -0.18738 0.982288 
2.3 0 0 -0.309015 0.951057 
2.32 0 0 -0.425778 0.904828 
2.34 0 0 -0.535825 0.844329 
2.36 0 0 -0.637423 0.770515 
2.38 0 0 -0.728967 0.684549 
2.4 0 0 -0.809016 0.587787 
2.42 0 0 -0.876306 0.481755 
2.44 0 0 -0.929776 0.368126 
2.46 0 0 -0.968583 0.248692 
2.48 0 0 -0.992115 0.125335 
2.5 0 0 -1 2.06709e-006 
2.52 0 0 -0.992115 -0.125331 
2.54 0 0 -0.968584 -0.248688 
2.56 0 0 -0.929777 -0.368123 
2.58 0 0 -0.876308 -0.481752 
2.6 0 0 -0.809018 -0.587784 
2.62 0 0 -0.72897 -0.684546 
2.64 0 0 -0.637426 -0.770512 
2.66 0 0 -0.535829 -0.844327 
2.68 0 0 -0.425782 -0.904826 
2.7 0 0 -0.309019 -0.951056 
2.72 0 0 -0.187384 -0.982287 
2.74 0 0 -0.062793 -0.998027 
2.76 0 0 0.0627881 -0.998027 
2.78 0 0 0.187379 -0.982288 
2.8 0 0 0.309015 -0.951057 
2.82 0 0 0.425777 -0.904828 
2.84 0 0 0.535825 -0.844329 
2.86 0 0 0.637422 -0.770515 
2.88 0 0 0.728967 -0.684549 
2.9 0 0 0.809016 -0.587787 
2.92 0 0 0.876305 -0.481756 
2.94 0 0 0.929776 -0.368127 
2.96 0 0 0.968583 -0.248692 
2.98 0 0 0.992114 -0.125336 
3 0 0 1 -2.4805e-006 
3.02 0 0 0.992115 0.125331 
3.04 0 0 0.968584 0.248688 
3.06 0 0 0.929777 0.368122 
3.08 0 0 0.876308 0.481752 
3.1 0 0 0.809018 0.587783 
3.12 0 0 0.72897 0.684545 
3.14 0 0 0.637426 0.770512 
3.16 0 0 0.535829 0.844327 
3.18 0 0 0.425782 0.904826 
3.2 0 0 0.309019 0.951056 
3.22 0 0 0.187384 0.982287 
3.24 0 0 0.062793 0.998027 
3.26 0 0 -0.062788 0.998027 
3.28 0 0 -0.187379 0.982288 
3.3 0 0 -0.309015 0.951057 
3.32 0 0 -0.425777 0.904828 
3.34 0 0 -0.535825 0.844329 
3.36 0 0 -0.637422 0.770515 
3.38 0 0 -0.728967 0.684549 
3.4 0 0 -0.809016 0.587788 
3.42 0 0 -0.876306 0.481756 
3.44 0 0 -0.929776 0.368127 
3.46 0 0 -0.968583 0.248693 
3.48 0 0 -0.992115 0.125336 
3.5 0 0 -1 2.89392e-006 
3.52 0 0 -0.992115 -0.12533 
3.54 0 0 -0.968584 -0.248687 
3.56 0 0 -0.929778 -0.368122 
3.58 0 0 -0.876308 -0.481751 
3.6 0 0 -0.809019 -0.587783 
3.62 0 0 -0.728971 -0.684545 
3.64 0 0 -0.637427 -0.770511 
3.66 0 0 -0.53583 -0.844326 
3.68 0 0 -0.425782 -0.904826 
3.7 0 0 -0.30902 -0.951056 
3.72 0 0 -0.187385 -0.982287 
3.74 0 0 -0.0627938 -0.998027 
3.76 0 0 0.0627872 -0.998027 
3.78 0 0 0.187378 -0.982288 
3.8 0 0 0.309014 -0.951058 
3.82 0 0 0.425776 -0.904829 
3.84 0 0 0.535824 -0.84433 
3.86 0 0 0.637421 -0.770515 
3.88 0 0 0.728966 -0.68455 
3.9 0 0 0.809015 -0.587788 
3.92 0 0 0.876305 -0.481757 
3.94 0 0 0.929775 -0.368128 
3.96 0 0 0.968582 -0.248693 
3.98 0 0 0.992114 -0.125337 
4 0 0 1 -3.30734e-006 
4.02 0 0 0.992115 0.12533 
4.04 0 0 0.968584 0.248687 
4.06 0 0 0.929778 0.368122 
4.08 0 0 0.876308 0.481751 
4.1 0 0 0.809019 0.587783 
4.12 0 0 0.728971 0.684545 
4.14 0 0 0.637427 0.770511 
4.16 0 0 0.53583 0.844326 
4.18 0 0 0.425782 0.904826 
4.2 0 0 0.30902 0.951056 
4.22 0 0 0.187385 0.982287 
4.24 0 0 0.0627938 0.998027 
4.26 0 0 -0.0627872 0.998027 
4.28 0 0 -0.187378 0.982288 
4.3 0 0 -0.309014 0.951058 
4.32 0 0 -0.425776 0.904829 
4.34 0 0 -0.535824 0.84433 
4.36 0 0 -0.637421 0.770516 
4.38 0 0 -0.728966 0.68455 
4.4 0 0 -0.809015 0.587788 
4.42 0 0 -0.876305 0.481757 
4.44 0 0 -0.929775 0.368128 
4.46 0 0 -0.968582 0.248693 
4.48 0 0 -0.992114 0.125337 
4.5 0 0 -1 3.72075e-006 
4.52 0 0 -0.992115 -0.12533 
4.54 0 0 -0.968584 -0.248686 
4.56 0 0 -0.929778 -0.368121 
4.58 0 0 -0.876309 -0.48175 
4.6 0 0 -0.809019 -0.587782 
4.62 0 0 -0.728971 -0.684544 
4.64 0 0 -0.637427 -0.770511 
4.66 0 0 -0.53583 -0.844326 
4.68 0 0 -0.425783 -0.904825 
4.7 0 0 -0.309021 -0.951055 
4.72 0 0 -0.187385 -0.982287 
4.74 0 0 -0.0627946 -0.998027 
4.76 0 0 0.0627864 -0.998027 
4.78 0 0 0.187377 -0.982288 
4.8 0 0 0.309013 -0.951058 
4.82 0 0 0.425776 -0.904829 
4.84 0 0 0.535823 -0.84433 
4.86 0 0 0.637421 -0.770516 
4.88 0 0 0.728966 -0.68455 
4.9 0 0 0.809015 -0.587789 
4.92 0 0 0.876305 -0.481757 
4.94 0 0 0.929775 -0.368128 
4.96 0 0 0.968582 -0.248694 
4.98 0 0 0.992114 -0.125337 
5 0 0 1 -4.13417e-006 
5.02 0 0 0.992115 0.125329 
5.04 0 0 0.968584 0.248686 
5.06 0 0 0.929778 0.368121 
5.08 0 0 0.876309 0.48175 
5.1 0 0 0.809019 0.587782 
5.12 0 0 0.728971 0.684544 
5.14 0 0 0.637427 0.770511 
5.16 0 0 0.53583 0.844326 
5.18 0 0 0.425783 0.904825 
5.2 0 0 0.309021 0.951055 
5.22 0 0 0.187385 0.982287 
5.24 0 0 0.0627947 0.998027 
5.26 0 0 -0.0627864 0.998027 
5.28 0 0 -0.187377 0.982288 
5.3 0 0 -0.309013 0.951058 
5.32 0 0 -0.425776 0.904829 
5.34 0 0 -0.535823 0.84433 
5.36 0 0 -0.637421 0.770516 
5.38 0 0 -0.728966 0.68455 
5.4 0 0 -0.809015 0.587789 
5.42 0 0 -0.876305 0.481758 
5.44 0 0 -0.929775 0.368129 
5.46 0 0 -0.968582 0.248694 
5.48 0 0 -0.992114 0.125338 
5.5 0 0 -1 4.54759e-006 
5.52 0 0 -0.992115 -0.125329 
5.54 0 0 -0.968585 -0.248685 
5.56 0 0 -0.929778 -0.36812 
5.58 0 0 -0.876309 -0.48175 
5.6 0 0 -0.80902 -0.587782 
5.62 0 0 -0.728972 -0.684544 
5.64 0 0 -0.637428 -0.77051 
5.66 0 0 -0.535831 -0.844325 
5.68 0 0 -0.425784 -0.904825 
5.7 0 0 -0.309022 -0.951055 
5.72 0 0 -0.187386 -0.982286 
5.74 0 0 -0.0627955 -0.998027 
5.76 0 0 0.0627856 -0.998027 
5.78 0 0 0.187376 -0.982288 
5.8 0 0 0.309012 -0.951058 
5.82 0 0 0.425775 -0.904829 
5.84 0 0 0.535823 -0.844331 
5.86 0 0 0.63742 -0.770516 
5.88 0 0 0.728965 -0.684551 
5.9 0 0 0.809014 -0.587789 
5.92 0 0 0.876304 -0.481758 
5.94 0 0 0.929775 -0.368129 
5.96 0 0 0.968582 -0.248695 
5.98 0 0 0.992114 -0.125338 
6 0 0 1 -4.961e-006 
6.02 0 0 0.992115 0.125328 
6.04 0 0 0.968584 0.248685 
6.06 0 0 0.929778 0.36812 
6.08 0 0 0.876309 0.481749 
6.1 0 0 0.80902 0.587781 
6.12 0 0 0.728972 0.684544 
6.14 0 0 0.637428 0.77051 
6.16 0 0 0.535831 0.844325 
6.18 0 0 0.425784 0.904825 
6.2 0 0 0.309022 0.951055 
6.22 0 0 0.187386 0.982286 
6.24 0 0 0.0627955 0.998027 
6.26 0 0 -0.0627856 0.998027 
6.28 0 0 -0.187376 0.982288 
6.3 0 0 -0.309012 0.951058 
6.32 0 0 -0.425775 0.904829 
6.34 0 0 -0.535823 0.844331 
6.36 0 0 -0.63742 0.770517 
6.38 0 0 -0.728965 0.684551 
6.4 0 0 -0.809014 0.58779 
6.42 0 0 -0.876304 0.481758 
6.44 0 0 -0.929775 0.36813 
6.46 0 0 -0.968582 0.248695 
6.48 0 0 -0.992114 0.125339 
6.5 0 0 -1 5.37442e-006 
6.52 0 0 -0.992116 -0.125328 
6.54 0 0 -0.968585 -0.248685 
6.56 0 0 -0.929779 -0.36812 
6.58 0 0 -0.87631 -0.481749 
6.6 0 0 -0.80902 -0.587781 
6.62 0 0 -0.728973 -0.684543 
6.64 0 0 -0.637428 -0.77051 
6.66 0 0 -0.535832 -0.844325 
6.68 0 0 -0.425785 -0.904825 
6.7 0 0 -0.309022 -0.951055 
6.72 0 0 -0.187387 -0.982286 
6.74 0 0 -0.0627963 -0.998026 
6.76 0 0 0.0627848 -0.998027 
6.78 0 0 0.187376 -0.982288 
6.8 0 0 0.309011 -0.951058 
6.82 0 0 0.425774 -0.90483 
6.84 0 0 0.535822 -0.844331 
6.86 0 0 0.63742 -0.770517 
6.88 0 0 0.728965 -0.684551 
6.9 0 0 0.809014 -0.58779 
6.92 0 0 0.876304 -0.481759 
6.94 0 0 0.929774 -0.36813 
6.96 0 0 0.968582 -0.248696 
6.98 0 0 0.992114 -0.125339 
7 0 0 1 -5.78784e-006 
7.02 0 0 0.992115 0.125327 
7.04 0 0 0.968585 0.248684 
7.06 0 0 0.929779 0.368119 
7.08 0 0 0.876309 0.481749 
7.1 0 0 0.80902 0.587781 
7.12 0 0 0.728973 0.684543 
7.14 0 0 0.637428 0.77051 
7.16 0 0 0.535832 0.844325 
7.18 0 0 0.425785 0.904825 
7.2 0 0 0.309022 0.951055 
7.22 0 0 0.187387 0.982286 
7.24 0 0 0.0627963 0.998026 
7.26 0 0 -0.0627847 0.998027 
7.28 0 0 -0.187376 0.982288 
7.3 0 0 -0.309011 0.951058 
7.32 0 0 -0.425774 0.90483 
7.34 0 0 -0.535822 0.844331 
7.36 0 0 -0.63742 0.770517 
7.38 0 0 -0.728965 0.684552 
7.4 0 0 -0.809014 0.58779 
7.42 0 0 -0.876304 0.481759 
7.44 0 0 -0.929774 0.36813 
7.46 0 0 -0.968582 0.248696 
7.48 0 0 -0.992114 0.125339 
7.5 0 0 -1 6.20126e-006 
7.52 0 0 -0.992116 -0.125327 
7.54 0 0 -0.968585 -0.248684 
7.56 0 0 -0.929779 -0.368119 
7.58 0 0 -0.87631 -0.481748 
7.6 0 0 -0.809021 -0.58778 
7.62 0 0 -0.728973 -0.684543 
7.64 0 0 -0.637429 -0.770509 
7.66 0 0 -0.535832 -0.844325 
7.68 0 0 -0.425785 -0.904824 
7.7 0 0 -0.309023 -0.951055 
7.72 0 0 -0.187388 -0.982286 
7.74 0 0 -0.0627971 -0.998026 
7.76 0 0 0.0627839 -0.998027 
7.78 0 0 0.187375 -0.982289 
7.8 0 0 0.309011 -0.951059 
7.82 0 0 0.425773 -0.90483 
7.84 0 0 0.535821 -0.844332 
7.86 0 0 0.637419 -0.770518 
7.88 0 0 0.728964 -0.684552 
7.9 0 0 0.809013 -0.587791 
7.92 0 0 0.876303 -0.48176 
7.94 0 0 0.929774 -0.368131 
7.96 0 0 0.968582 -0.248696 
7.98 0 0 0.992114 -0.12534 
8 0 0 1 -6.61467e-006 
8.02 0 0 0.992116 0.125327 
8.04 0 0 0.968585 0.248683 
8.06 0 0 0.929779 0.368118 
8.08 0 0 0.87631 0.481748 
8.1 0 0 0.809021 0.58778 
8.12 0 0 0.728973 0.684542 
8.14 0 0 0.637429 0.770509 
8.16 0 0 0.535832 0.844324 
8.18 0 0 0.425785 0.904824 
8.2 0 0 0.309023 0.951055 
8.22 0 0 0.187388 0.982286 
8.24 0 0 0.0627971 0.998026 
8.26 0 0 -0.0627839 0.998027 
8.28 0 0 -0.187375 0.982289 
8.3 0 0 -0.309011 0.951059 
8.32 0 0 -0.425773 0.90483 
8.34 0 0 -0.535821 0.844332 
8.36 0 0 -0.637419 0.770518 
8.38 0 0 -0.728964 0.684552 
8.4 0 0 -0.809013 0.587791 
8.42 0 0 -0.876304 0.48176 
8.44 0 0 -0.929774 0.368131 
8.46 0 0 -0.968582 0.248697 
8.48 0 0 -0.992114 0.12534 
8.5 0 0 -1 7.02809e-006 
8.52 0 0 -0.992116 -0.125326 
8.54 0 0 -0.968585 -0.248683 
8.56 0 0 -0.929779 -0.368118 
8.58 0 0 -0.87631 -0.481747 
8.6 0 0 -0.809021 -0.58778 
8.62 0 0 -0.728974 -0.684542 
8.64 0 0 -0.63743 -0.770509 
8.66 0 0 -0.535833 -0.844324 
8.68 0 0 -0.425786 -0.904824 
8.7 0 0 -0.309024 -0.951054 
8.72 0 0 -0.187389 -0.982286 
8.74 0 0 -0.0627979 -0.998026 
8.76 0 0 0.0627831 -0.998027 
8.78 0 0 0.187374 -0.982289 
8.8 0 0 0.30901 -0.951059 
8.82 0 0 0.425773 -0.90483 
8.84 0 0 0.535821 -0.844332 
8.86 0 0 0.637418 -0.770518 
8.88 0 0 0.728964 -0.684553 
8.9 0 0 0.809013 -0.587791 
8.92 0 0 0.876303 -0.48176 
8.94 0 0 0.929774 -0.368131 
8.96 0 0 0.968581 -0.248697 
8.98 0 0 0.992114 -0.125341 
9 0 0 1 -7.44151e-006 
9.02 0 0 0.992116 0.125326 
9.04 0 0 0.968585 0.248683 
9.06 0 0 0.929779 0.368118 
9.08 0 0 0.87631 0.481747 
9.1 0 0 0.809021 0.587779 
9.12 0 0 0.728974 0.684542 
9.14 0 0 0.63743 0.770509 
9.16 0 0 0.535833 0.844324 
9.18 0 0 0.425786 0.904824 
9.2 0 0 0.309024 0.951054 
9.22 0 0 0.187389 0.982286 
9.24 0 0 0.062798 0.998026 
9.26 0 0 -0.0627831 0.998027 
9.28 0 0 -0.187374 0.982289 
9.3 0 0 -0.30901 0.951059 
9.32 0 0 -0.425773 0.90483 
9.34 0 0 -0.53582 0.844332 
9.36 0 0 -0.637418 0.770518 
9.38 0 0 -0.728964 0.684553 
9.4 0 0 -0.809013 0.587792 
9.42 0 0 -0.876303 0.481761 
9.44 0 0 -0.929774 0.368132 
9.46 0 0 -0.968581 0.248697 
9.48 0 0 -0.992114 0.125341 
9.5 0 0 -1 7.85493e-006 
9.52 0 0 -0.992116 -0.125325 
9.54 0 0 -0.968585 -0.248682 
9.56 0 0 -0.92978 -0.368117 
9.58 0 0 -0.876311 -0.481747 
9.6 0 0 -0.809022 -0.587779 
9.62 0 0 -0.728974 -0.684541 
9.64 0 0 -0.63743 -0.770508 
9.66 0 0 -0.535834 -0.844324 
9.68 0 0 -0.425787 -0.904824 
9.7 0 0 -0.309025 -0.951054 
9.72 0 0 -0.187389 -0.982286 
9.74 0 0 -0.0627988 -0.998026 
9.76 0 0 0.0627823 -0.998027 
9.78 0 0 0.187373 -0.982289 
9.8 0 0 0.309009 -0.951059 
9.82 0 0 0.425772 -0.904831 
9.84 0 0 0.53582 -0.844332 
9.86 0 0 0.637418 -0.770519 
9.88 0 0 0.728963 -0.684553 
9.9 0 0 0.809012 -0.587792 
9.92 0 0 0.876303 -0.481761 
9.94 0 0 0.929773 -0.368132 
9.96 0 0 0.968581 -0.248698 
9.98 0 0 0.992114 -0.125341 
10 0 0 1 -8.26834e-006 
