0 0 0 1 0 
0.1 0 0 0.802608 0.628319 
0.2 0 0 0.306015 1.02241 
0.3 0 0 -0.289966 1.08444 
0.4 0 0 -0.805018 0.8438 
0.5 0 0 -1.1197 0.39314 
0.6 0 0 -1.16988 -0.150389 
0.7 0 0 -0.93862 -0.657737 
0.8 0 0 -0.461239 -0.99262 
0.9 0 0 0.155004 -1.02866 
1 0 0 0.716889 -0.703969 
1.1 0 0 0.999745 -0.105275 
1.2 0 0 0.894094 0.534329 
1.3 0 0 0.476086 0.987262 
1.4 0 0 -0.0846611 1.1442 
1.5 0 0 -0.623278 1.00204 
1.6 0 0 -1.01216 0.619156 
1.7 0 0 -1.16183 0.0899421 
1.8 0 0 -1.02164 -0.461711 
1.9 0 0 -0.595241 -0.884016 
2 0 0 0.0252957 -1.018 
2.1 0 0 0.636375 -0.771399 
2.2 0 0 0.996234 -0.220272 
2.3 0 0 0.985803 0.412728 
2.4 0 0 0.656537 0.912241 
2.5 0 0 0.144714 1.1581 
2.6 0 0 -0.403045 1.11636 
2.7 0 0 -0.855638 0.81103 
2.8 0 0 -1.10208 0.310298 
2.9 0 0 -1.05864 -0.272053 
3 0 0 -0.69515 -0.77216 
3.1 0 0 -0.0869674 -1.00046 
3.2 0 0 0.555116 -0.838775 
3.3 0 0 0.981837 -0.351678 
3.4 0 0 1.06686 0.25781 
3.5 0 0 0.833332 0.79032 
3.6 0 0 0.382642 1.11688 
3.7 0 0 -0.159846 1.17548 
3.8 0 0 -0.664537 0.956125 
3.9 0 0 -1.00304 0.497662 
4 0 0 -1.05948 -0.100751 
4.1 0 0 -0.768924 -0.666167 
4.2 0 0 -0.19009 -0.981826 
4.3 0 0 0.463775 -0.909945 
4.4 0 0 0.945776 -0.500858 
4.5 0 0 1.12317 0.069541 
4.6 0 0 0.989409 0.620675 
4.7 0 0 0.610497 1.01802 
4.8 0 0 0.0874913 1.17509 
4.9 0 0 -0.456625 1.04861 
5 0 0 -0.880249 0.645427 
5.1 0 0 -1.03665 0.0463097 
5.2 0 0 -0.826787 -0.56917 
5.3 0 0 -0.294173 -0.962465 
5.4 0 0 0.352368 -0.983016 
5.5 0 0 0.876749 -0.662774 
5.6 0 0 1.14042 -0.14545 
5.7 0 0 1.1078 0.409664 
5.8 0 0 0.809762 0.866624 
5.9 0 0 0.320123 1.11853 
6 0 0 -0.249766 1.09004 
6.1 0 0 -0.749148 0.753844 
6.2 0 0 -1.00216 0.169727 
6.3 0 0 -0.878402 -0.478199 
6.4 0 0 -0.408006 -0.937415 
6.5 0 0 0.213126 -1.05031 
6.6 0 0 0.765904 -0.826343 
6.7 0 0 1.10728 -0.374295 
6.8 0 0 1.1749 0.17029 
6.9 0 0 0.965308 0.674696 
7 0 0 0.522426 1.01605 
7.1 0 0 -0.058758 1.08842 
7.2 0 0 -0.62203 0.828991 
7.3 0 0 -0.964718 0.275587 
7.4 0 0 -0.930305 -0.385541 
7.5 0 0 -0.536262 -0.897629 
7.6 0 0 0.0429724 -1.09973 
7.7 0 0 0.609481 -0.976159 
7.8 0 0 1.01811 -0.599727 
7.9 0 0 1.18312 -0.0797866 
8 0 0 1.06801 0.459045 
8.1 0 0 0.684501 0.882516 
8.2 0 0 0.107021 1.0559 
8.3 0 0 -0.505801 0.880589 
8.4 0 0 -0.927954 0.373324 
8.5 0 0 -0.984024 -0.28122 
8.6 0 0 -0.67768 -0.832191 
8.7 0 0 -0.154903 -1.11738 
8.8 0 0 0.410474 -1.09528 
8.9 0 0 0.874587 -0.802968 
9 0 0 1.1324 -0.321255 
9.1 0 0 1.11611 0.238223 
9.2 0 0 0.803375 0.734429 
9.3 0 0 0.244714 1.00581 
9.4 0 0 -0.401044 0.91921 
9.5 0 0 -0.889841 0.472844 
9.6 0 0 -1.0353 -0.155963 
9.7 0 0 -0.824635 -0.731121 
9.8 0 0 -0.370751 -1.09064 
9.9 0 0 0.178887 -1.16849 
10 0 0 0.68577 -0.96706 
