1 1.12083e-007 3.33067e-015 0.995131
2 4.2196e-007 7.77156e-015 0.980608
3 8.50559e-007 4.66294e-015 0.957106
4 1.27837e-006 2.22045e-016 0.927031
5 1.57858e-006 2.44249e-015 0.895841
6 1.65763e-006 3.10862e-015 0.872087
7 1.48535e-006 8.88178e-016 0.864272
8 1.10515e-006 2.88658e-015 0.875612
9 6.2295e-007 1.11022e-015 0.902111
10 1.78616e-007 2.22045e-016 0.936052
11 9.38067e-008 8.88178e-016 0.970285
12 1.07658e-007 4.44089e-016 0.999881
13 1.45119e-007 4.21885e-015 1.0218
14 5.8833e-007 1.55431e-015 1.0341
15 1.09212e-006 3.55271e-015 1.03538
16 1.52151e-006 5.77316e-015 1.02481
17 1.76791e-006 2.44249e-015 1.00305
18 1.76475e-006 1.5099e-014 0.973748
19 1.50355e-006 1.55431e-014 0.944248
20 1.04283e-006 1.57652e-014 0.923887
21 4.98194e-007 2.04281e-014 0.919855
22 1.39399e-008 2.5091e-014 0.933673
23 2.74861e-007 2.28706e-014 0.961358
24 2.79306e-007 2.26485e-014 0.996349
25 1.65852e-008 2.33147e-014 1.03212
26 5.45035e-007 2.37588e-014 1.06329
27 1.16319e-006 2.33147e-014 1.08574
28 1.68913e-006 2.15383e-014 1.0966
29 1.96871e-006 2.22045e-014 1.09418
30 1.93396e-006 2.42029e-014 1.07842
31 1.60729e-006 2.37588e-014 1.05189
32 1.07709e-006 1.5099e-014 1.02034
33 4.75498e-007 1.5099e-014 0.991871
34 4.78306e-008 1.53211e-014 0.974371
35 3.59917e-007 1.64313e-014 0.972794
36 3.77966e-007 1.44329e-014 0.987565
37 9.13307e-008 1.19904e-014 1.01495
38 4.34542e-007 1.31006e-014 1.04875
39 1.07195e-006 1.31006e-014 1.08203
40 1.65682e-006 1.37668e-014 1.1086
41 2.02306e-006 1.28786e-014 1.12392
42 2.05342e-006 2.04281e-014 1.12557
43 1.73731e-006 2.44249e-014 1.11329
44 1.17756e-006 2.08722e-014 1.08897
45 5.36621e-007 1.93179e-014 1.05686
46 1.81061e-008 1.70974e-014 1.02312
47 3.5081e-007 1.95399e-014 0.994831
48 3.84476e-007 1.59872e-014 0.978443
49 1.17073e-007 1.64313e-014 0.978041
50 3.79365e-007 1.46549e-014 0.993742
51 9.78103e-007 1.59872e-014 1.02127
52 1.53003e-006 1.31006e-014 1.05322
53 1.89839e-006 1.42109e-014 1.08156
54 1.98604e-006 1.24345e-014 1.09999
55 1.7571e-006 9.76996e-015 1.10528
56 1.26268e-006 1.26565e-014 1.09693
57 6.45885e-007 2.06501e-014 1.07636
58 9.01405e-008 2.42029e-014 1.04635
59 2.51511e-007 2.06501e-014 1.01102
60 2.97855e-007 2.02061e-014 0.975764
61 5.15501e-008 1.9984e-014 0.947008
62 4.08943e-007 1.79856e-014 0.931275
63 9.53842e-007 2.17604e-014 0.932898
64 1.43788e-006 2.26485e-014 0.951236
65 1.73877e-006 2.22045e-014 0.979976
66 1.78753e-006 2.35367e-014 1.00994
67 1.58128e-006 2.02061e-014 1.0332
68 1.17672e-006 2.22045e-014 1.04532
69 6.75147e-007 2.28706e-014 1.0452
70 2.09195e-007 2.35367e-014 1.03354
71 8.5244e-008 2.68674e-014 1.01184
72 1.18989e-007 2.55351e-014 0.982185
73 1.14195e-007 2.13163e-014 0.947649
74 5.38503e-007 2.37588e-014 0.912992
75 1.02475e-006 2.59792e-014 0.885014
76 1.43118e-006 2.64233e-014 0.871323
77 1.64416e-006 2.28706e-014 0.876529
78 1.60894e-006 1.79856e-014 0.898419
79 1.3436e-006 1.62093e-014 0.928883
80 9.32147e-007 1.5099e-014 0.958935
81 4.97101e-007 1.88738e-014 0.982486
82 1.6013e-007 1.90958e-014 0.996794
83 7.91854e-009 1.4877e-014 1.00119
84 7.76089e-008 1.55431e-014 0.99578
85 3.54314e-007 1.46549e-014 0.980868
86 7.68405e-007 1.26565e-014 0.957208
87 1.20478e-006 1.06581e-014 0.926989
88 1.53441e-006 1.31006e-014 0.895127
89 1.65556e-006 1.28786e-014 0.869661
90 1.52639e-006 1.64313e-014 0.859285
91 1.17835e-006 1.15463e-014 0.868159
92 7.08191e-007 8.21565e-015 0.893031
93 2.51811e-007 2.88658e-015 0.92615
94 5.40512e-008 1.55431e-015 0.959984
95 1.1361e-007 2.22045e-016 0.989357
96 9.46728e-008 3.10862e-015 1.01123
97 5.0822e-007 1.9984e-015 1.02381
98 1.00544e-006 1.55431e-015 1.02584
99 1.4518e-006 2.66454e-015 1.01647
100 1.73339e-006 2.66454e-015 0.996028
