1 4.81115e-019 3.38813e-021 1
2 3.38813e-021 3.72694e-020 1
3 6.77626e-019 1.59242e-019 1
4 5.6243e-019 9.99499e-020 1
5 3.25261e-019 1.40607e-019 1
6 4.87891e-019 1.28749e-019 1
7 1.05032e-018 1.4569e-019 1
8 1.15196e-019 3.1679e-019 1
9 3.93023e-019 3.10014e-019 1
10 1.42302e-018 2.84603e-019 1
11 2.63597e-018 1.55854e-019 1
12 2.42929e-018 1.74489e-019 1
13 2.42251e-018 1.67713e-019 1
14 1.92446e-018 2.18535e-019 1
15 1.86347e-018 1.59242e-019 1
16 2.50383e-018 1.37219e-019 1
17 2.75794e-018 7.6233e-020 1
18 3.44573e-018 1.03338e-019 1
19 3.55415e-018 1.30443e-019 1
20 3.70323e-018 1.72795e-019 1
21 3.53721e-018 2.35475e-019 1
22 3.20178e-018 2.5411e-019 1
23 3.23905e-018 2.6258e-019 1
24 2.49705e-018 3.42201e-019 1
25 1.88719e-018 3.96411e-019 1
26 1.81604e-018 3.87941e-019 1
27 2.04643e-018 3.23567e-019 1
28 2.23617e-018 3.13402e-019 1
29 2.72745e-018 1.81265e-019 1
30 3.43218e-018 1.4569e-019 1
31 3.69306e-018 1.20279e-019 1
32 2.72067e-018 1.5416e-019 1
33 2.97817e-018 1.60936e-019 1
34 3.06287e-018 1.35525e-019 1
35 3.96411e-018 1.60936e-019 1
36 3.7981e-018 1.57548e-019 1
37 3.8828e-018 1.40607e-019 1
38 4.41812e-018 9.99499e-020 1
39 4.03865e-018 1.67713e-019 1
40 3.72356e-018 2.01594e-019 1
41 4.27921e-018 1.27055e-019 1
42 4.37408e-018 1.52466e-019 1
43 3.75744e-018 1.98206e-019 1
44 3.25938e-018 2.47334e-019 1
45 3.14757e-018 1.86347e-019 1
46 4.1403e-018 1.55854e-019 1
47 3.68629e-018 1.18585e-019 1
48 2.5682e-018 1.30443e-019 1
49 1.81604e-018 1.57548e-019 1
50 1.58565e-018 1.21973e-019 1
51 2.17179e-018 5.75982e-020 1
52 1.92446e-018 6.43745e-020 1
53 2.09725e-018 7.11508e-020 1
54 2.43945e-018 7.11508e-020 1
55 2.44962e-018 1.50772e-019 1
56 3.06965e-018 4.57398e-020 1
57 2.58514e-018 7.96211e-020 1
58 3.04593e-018 4.91279e-020 1
59 3.16452e-018 1.18585e-020 1
60 3.07981e-018 4.74338e-020 1
61 3.28649e-018 3.21873e-020 1
62 3.83537e-018 2.71051e-020 1
63 3.45928e-018 9.82558e-020 1
64 2.75794e-018 6.26804e-020 1
65 3.4254e-018 1.69407e-020 1
66 3.45251e-018 1.0842e-019 1
67 3.18484e-018 2.15146e-019 1
68 4.24194e-018 1.47384e-019 1
69 3.93701e-018 1.60936e-019 1
70 4.2826e-018 1.20279e-019 1
71 5.0517e-018 1.21973e-019 1
72 5.17368e-018 2.03288e-020 1
73 5.31259e-018 1.86347e-020 1
74 4.91279e-018 1.35525e-020 1
75 4.83825e-018 1.69407e-021 1
76 5.21095e-018 3.04932e-020 1
77 6.64413e-018 5.42101e-020 1
78 6.22739e-018 7.6233e-020 1
79 5.74966e-018 3.38813e-021 1
80 6.51538e-018 2.20229e-020 1
81 6.19689e-018 4.06576e-020 1
82 5.9394e-018 1.69407e-020 1
83 5.64124e-018 6.77626e-021 1
84 6.07831e-018 1.18585e-020 1
85 4.99411e-018 2.87991e-020 1
86 4.64174e-018 4.57398e-020 1
87 4.69934e-018 6.77626e-021 1
88 4.86875e-018 2.20229e-020 1
89 4.78065e-018 1.10114e-019 1
90 5.57348e-018 5.0822e-020 1
91 5.82759e-018 1.69407e-021 1
92 5.46167e-018 1.18585e-020 1
93 4.35714e-018 8.63974e-020 1
94 4.63158e-018 3.72694e-020 1
95 4.76371e-018 8.47033e-021 1
96 5.81742e-018 2.71051e-020 1
97 5.9665e-018 7.28448e-020 1
98 5.91568e-018 6.26804e-020 1
99 5.38713e-018 2.37169e-020 1
100 5.55654e-018 5.42101e-020 1
