1 1.40015e-006 7.10543e-014 1.1904
2 5.99354e-006 5.50671e-014 1.52179
3 1.30598e-005 6.75016e-014 1.78141
4 5.58862e-005 4.61853e-014 0.311045
5 1.61013e-005 4.08562e-014 0.348463
6 1.77698e-005 3.73035e-014 0.736084
7 2.28943e-005 2.66454e-014 0.329596
8 3.13185e-005 6.75016e-014 0.665895
9 3.78395e-005 8.52651e-014 0.483758
10 4.41324e-005 9.59233e-014 0.753675
11 8.06147e-005 1.03029e-013 0.545623
12 5.55973e-005 4.79616e-014 0.477544
13 5.1251e-005 3.01981e-014 0.51655
14 4.32608e-005 3.01981e-014 0.533214
15 3.5481e-005 3.55271e-015 0.397838
16 3.02658e-005 5.86198e-014 0.55358
17 2.69407e-005 1.59872e-014 0.353573
18 2.90602e-005 1.06581e-014 0.694227
19 2.00561e-005 3.37508e-014 2.07895
20 3.88742e-005 2.66454e-014 3.96237
21 1.94926e-005 1.06581e-014 3.12157
22 2.27852e-005 2.66454e-014 3.11233
23 5.07014e-005 3.90799e-014 4.12789
24 3.25815e-005 2.13163e-014 2.21244
25 2.15154e-005 3.55271e-014 0.871744
26 1.99186e-005 1.59872e-014 0.9777
27 1.04926e-005 3.55271e-014 1.38614
28 0.000969764 6.39488e-014 4.52805
29 0.00093781 7.63833e-014 39.5697
30 0.000919843 9.76996e-014 74.487
31 0.00090679 1.03029e-013 109.387
32 0.000901763 5.50671e-014 144.28
33 0.000906025 3.55271e-014 179.17
34 0.000918364 5.86198e-014 214.057
35 0.000935376 6.75016e-014 248.942
36 0.000952388 9.9476e-014 283.826
37 0.000964729 1.59872e-013 318.709
38 0.000969012 1.79412e-013 353.592
39 0.000964057 2.07834e-013 388.473
40 0.000951216 1.66978e-013 423.355
41 0.000934 1.54543e-013 458.236
42 0.00091712 1.9007e-013 493.116
43 0.000905197 2.07834e-013 527.996
44 0.000901493 1.91847e-013 562.876
45 0.000907021 1.5099e-013 597.756
46 0.000920266 1.86517e-013 632.635
47 0.000937599 1.98952e-013 667.514
48 0.000954274 2.32703e-013 702.393
49 0.000965722 2.55795e-013 737.272
50 0.000968808 2.57572e-013 772.151
51 0.000962685 2.18492e-013 807.029
52 0.000949029 2.02505e-013 841.908
53 0.000931579 2.2915e-013 876.786
54 0.000915111 2.59348e-013 911.664
55 0.000904136 3.12639e-013 946.543
56 0.000901657 3.90799e-013 981.421
57 0.000908352 4.28102e-013 1016.3
58 0.000922389 4.08562e-013 1051.18
59 0.000939922 3.74811e-013 1086.05
60 0.000956151 3.55271e-013 1120.93
61 0.000966631 3.10862e-013 1155.81
62 0.000968492 3.33955e-013 1190.69
63 0.000961223 3.71259e-013 1225.57
64 0.000946815 3.41061e-013 1260.44
65 0.000929212 3.39284e-013 1295.32
66 0.000913235 2.62901e-013 1330.2
67 0.000903258 2.59348e-013 1365.08
68 0.000902013 2.52243e-013 1399.95
69 0.00090984 1.91847e-013 1434.83
70 0.000924596 1.52767e-013 1469.71
71 0.00094224 1.82965e-013 1504.58
72 0.000957941 1.88294e-013 1539.46
73 0.000967399 2.07834e-013 1574.34
74 0.000968023 1.93623e-013 1609.22
75 0.000959643 1.81188e-013 1644.09
76 0.000944553 1.75859e-013 1678.97
77 0.000926885 2.41585e-013 1713.85
78 0.000911477 2.0961e-013 1748.72
79 0.000902547 2.13163e-013 1783.6
80 0.000902541 2.46914e-013 1818.48
81 0.000911461 3.00204e-013 1853.36
82 0.000926863 3.03757e-013 1888.23
83 0.00094453 2.70006e-013 1923.11
84 0.000959625 2.22045e-013 1957.99
85 0.000968013 1.84741e-013 1992.86
86 0.000967398 2.34479e-013 2027.74
87 0.000957947 2.6823e-013 2062.62
88 0.000942249 3.12639e-013 2097.49
89 0.000924603 3.00204e-013 2132.37
90 0.000909839 3.10862e-013 2167.25
91 0.000902001 3.12639e-013 2202.12
92 0.000903234 3.48166e-013 2237
93 0.000913202 3.57048e-013 2271.88
94 0.000929173 3.37508e-013 2306.75
95 0.000946776 3.44613e-013 2341.63
96 0.00096119 3.01981e-013 2376.51
97 0.000968467 3.14415e-013 2411.39
98 0.000966615 2.46914e-013 2446.26
99 0.000956141 2.30926e-013 2481.14
100 0.000939913 2.55795e-013 2516.02
