1 7.87708e-008 2.08167e-017 1.00051
2 2.93276e-007 3.46945e-017 1.00193
3 5.84343e-007 2.77556e-017 1.00393
4 8.71961e-007 3.29597e-017 1.00606
5 1.07724e-006 2.77556e-017 1.00784
6 1.14392e-006 1.56125e-017 1.00885
7 1.05379e-006 2.25514e-017 1.00885
8 8.31584e-007 2.60209e-017 1.00777
9 5.38271e-007 1.21431e-017 1.00579
10 2.54314e-007 1.04083e-017 1.00326
11 5.76262e-008 1.38778e-017 1.00063
12 2.23349e-009 1.38778e-017 0.998387
13 1.03509e-007 1.04083e-017 0.996928
14 3.33846e-007 1.38778e-017 0.996477
15 6.29937e-007 5.20417e-018 0.997028
16 9.10211e-007 1.73472e-018 0.998349
17 1.09757e-006 8.67362e-018 1.00003
18 1.14063e-006 5.20417e-018 1.00161
19 1.02767e-006 5.20417e-018 1.00262
20 7.89806e-007 6.93889e-018 1.00272
21 4.92371e-007 3.46945e-018 1.00178
22 2.17046e-007 6.93889e-018 0.999854
23 3.94183e-008 1.38778e-017 0.997211
24 8.20827e-009 2.42861e-017 0.994269
25 1.31914e-007 4.16334e-017 0.99151
26 3.76579e-007 5.72459e-017 0.989386
27 6.75191e-007 7.45931e-017 0.988212
28 9.45866e-007 7.80626e-017 0.988098
29 1.11413e-006 6.93889e-017 0.988918
30 1.13358e-006 8.50015e-017 0.990344
31 9.98843e-007 9.02056e-017 0.991923
32 7.46997e-007 7.97973e-017 0.993179
33 4.4729e-007 7.97973e-017 0.993713
34 1.82112e-007 9.71445e-017 0.993278
35 2.43439e-008 1.249e-016 0.991834
36 1.73125e-008 1.2837e-016 0.989552
37 1.62862e-007 1.37043e-016 0.986782
38 4.20879e-007 1.17961e-016 0.983984
39 7.20429e-007 1.31839e-016 0.981635
40 9.79376e-007 1.30104e-016 0.980129
41 1.12685e-006 1.26635e-016 0.979685
42 1.12236e-006 1.21431e-016 0.980294
43 9.6692e-007 1.19696e-016 0.981723
44 7.0305e-007 9.19403e-017 0.983571
45 4.03248e-007 9.02056e-017 0.985361
46 1.49971e-007 7.80626e-017 0.986645
47 1.291e-008 7.80626e-017 0.987089
48 2.97794e-008 7.45931e-017 0.986545
49 1.95926e-007 8.50015e-017 0.985074
50 4.65612e-007 7.63278e-017 0.982938
51 7.64626e-007 9.19403e-017 0.98055
52 1.01076e-006 8.84709e-017 0.978389
53 1.13647e-006 9.02056e-017 0.976901
54 1.10748e-006 8.32667e-017 0.976402
55 9.31889e-007 8.84709e-017 0.977002
56 6.57733e-007 9.54098e-017 0.97858
57 3.60078e-007 1.00614e-016 0.980808
58 1.20652e-007 9.36751e-017 0.983235
59 5.33987e-009 9.02056e-017 0.985385
60 4.59415e-008 7.97973e-017 0.986852
61 2.31358e-007 8.67362e-017 0.987383
62 5.10637e-007 6.245e-017 0.986928
63 8.06995e-007 4.16334e-017 0.985648
64 1.03895e-006 5.89806e-017 0.983884
65 1.1427e-006 5.89806e-017 0.982092
66 1.08975e-006 4.85723e-017 0.980745
67 8.94766e-007 5.89806e-017 0.980238
68 6.11496e-007 6.93889e-017 0.980793
69 3.17719e-007 8.1532e-017 0.982404
70 9.39063e-008 7.80626e-017 0.984839
71 1.43272e-009 7.45931e-017 0.987697
72 6.57583e-008 7.63278e-017 0.990499
73 2.69305e-007 8.32667e-017 0.992787
74 5.56213e-007 8.32667e-017 0.994221
75 8.47694e-007 7.63278e-017 0.994641
76 1.06368e-006 8.1532e-017 0.994102
77 1.14481e-006 6.07153e-017 0.992859
78 1.0687e-006 6.41848e-017 0.991323
79 8.56161e-007 5.20417e-017 0.989971
80 5.65584e-007 6.59195e-017 0.989251
81 2.7699e-007 7.11237e-017 0.989481
82 6.98092e-008 6.76542e-017 0.99077
83 8.19717e-010 5.55112e-017 0.992995
84 8.87714e-008 6.41848e-017 0.995826
85 3.09451e-007 8.1532e-017 0.998809
86 6.02299e-007 7.28584e-017 1.00146
87 8.86964e-007 8.32667e-017 1.00337
88 1.08534e-006 9.19403e-017 1.00427
89 1.14298e-006 8.67362e-017 1.00413
90 1.04402e-006 9.36751e-017 1.0031
91 8.15535e-007 8.84709e-017 1.00154
92 5.20137e-007 9.02056e-017 0.999888
93 2.38928e-007 8.67362e-017 0.998635
94 4.93258e-008 8.1532e-017 0.99817
95 3.67386e-009 7.45931e-017 0.998712
96 1.14503e-007 7.11237e-017 1.00025
97 3.51112e-007 6.07153e-017 1.00254
98 6.48349e-007 5.0307e-017 1.00519
99 9.24607e-007 4.68375e-017 1.00769
100 1.10414e-006 5.0307e-017 1.00961
