1 6.89752e-006 5.55112e-017 1.00211
2 2.5637e-005 8.32667e-017 1.01079
3 5.10119e-005 1.11022e-016 1.03175
4 7.60794e-005 1.66533e-016 1.06208
5 9.40228e-005 1.66533e-016 1.09107
6 9.99571e-005 1.38778e-016 1.11491
7 9.21929e-005 1.11022e-016 1.13532
8 7.28e-005 1.38778e-016 1.15642
9 4.70484e-005 1.38778e-016 1.17715
10 2.19841e-005 1.11022e-016 1.19007
11 4.52139e-006 1.38778e-016 1.19153
12 5.75915e-007 1.66533e-016 1.18397
13 8.07486e-006 1.94289e-016 1.17377
14 2.80932e-005 1.94289e-016 1.16266
15 5.39937e-005 1.94289e-016 1.14628
16 7.87443e-005 1.94289e-016 1.12126
17 9.5594e-005 1.66533e-016 1.08935
18 9.99429e-005 1.66533e-016 1.05975
19 9.06125e-005 2.22045e-016 1.03794
20 7.01766e-005 2.22045e-016 1.02051
21 4.42761e-005 2.498e-016 1.00517
22 1.99801e-005 2.77556e-016 0.994235
23 3.88126e-006 2.77556e-016 0.99583
24 3.96006e-007 3.05311e-016 1.01261
25 1.05515e-005 2.498e-016 1.03508
26 3.15886e-005 2.22045e-016 1.05746
27 5.76618e-005 3.33067e-016 1.07987
28 8.15668e-005 2.77556e-016 1.10607
29 9.67608e-005 2.498e-016 1.13596
30 9.911e-005 2.77556e-016 1.16107
31 8.80036e-005 2.77556e-016 1.17612
32 6.64195e-005 2.77556e-016 1.18242
33 4.02015e-005 3.33067e-016 1.18526
34 1.65174e-005 3.60822e-016 1.18695
35 1.87722e-006 3.60822e-016 1.18311
36 3.63829e-007 3.88578e-016 1.16895
37 1.2402e-005 3.60822e-016 1.14478
38 3.46486e-005 3.05311e-016 1.11779
39 6.0997e-005 3.60822e-016 1.09394
40 8.42604e-005 3.60822e-016 1.07101
41 9.81678e-005 3.60822e-016 1.04579
42 9.89774e-005 3.88578e-016 1.01942
43 8.64273e-005 3.60822e-016 1.00007
44 6.38792e-005 3.60822e-016 0.995839
45 3.7512e-005 3.33067e-016 1.00184
46 1.46146e-005 3.88578e-016 1.01211
47 1.46512e-006 4.16334e-016 1.02603
48 1.61778e-006 4.16334e-016 1.04741
49 1.50096e-005 3.88578e-016 1.07824
50 3.79617e-005 4.16334e-016 1.1098
51 6.41876e-005 4.16334e-016 1.13452
52 8.64702e-005 4.44089e-016 1.15228
53 9.86745e-005 4.44089e-016 1.16716
54 9.7467e-005 4.44089e-016 1.18195
55 8.31735e-005 4.44089e-016 1.19236
56 5.97182e-005 4.71845e-016 1.19221
57 3.35117e-005 4.71845e-016 1.18088
58 1.16877e-005 4.71845e-016 1.16379
59 2.43167e-007 3.88578e-016 1.14673
60 2.34442e-006 3.88578e-016 1.12823
61 1.74644e-005 4.16334e-016 1.10394
62 4.14985e-005 3.88578e-016 1.07317
63 6.78336e-005 3.88578e-016 1.04201
64 8.92491e-005 3.60822e-016 1.02052
65 9.99169e-005 3.88578e-016 1.00837
66 9.69978e-005 3.05311e-016 1.00088
67 8.13144e-005 2.498e-016 0.9976
68 5.70674e-005 2.77556e-016 1.00303
69 3.08343e-005 3.05311e-016 1.02291
70 9.84001e-006 3.33067e-016 1.05099
71 1.03324e-007 3.05311e-016 1.07771
72 3.72025e-006 3.60822e-016 1.101
73 2.01768e-005 3.60822e-016 1.12353
74 4.47046e-005 3.33067e-016 1.14853
75 7.05633e-005 3.05311e-016 1.17193
76 9.07043e-005 3.33067e-016 1.18592
77 9.96552e-005 3.05311e-016 1.18897
78 9.49291e-005 3.05311e-016 1.18508
79 7.77991e-005 3.05311e-016 1.17966
80 5.2931e-005 3.05311e-016 1.17192
81 2.71452e-005 3.05311e-016 1.15666
82 7.56682e-006 2.77556e-016 1.13163
83 4.3885e-007 2.77556e-016 1.10064
84 5.32934e-006 2.498e-016 1.07303
85 2.32957e-005 2.77556e-016 1.05081
86 4.85693e-005 3.05311e-016 1.03011
87 7.42886e-005 2.22045e-016 1.01001
88 9.33948e-005 2.22045e-016 0.99483
89 0.000100613 1.94289e-016 0.99404
90 9.39835e-005 2.22045e-016 1.00713
91 7.53825e-005 1.66533e-016 1.02508
92 4.9902e-005 1.66533e-016 1.0443
93 2.44307e-005 1.94289e-016 1.06618
94 5.90596e-006 2.22045e-016 1.09455
95 5.85853e-007 1.94289e-016 1.1262
96 6.75334e-006 1.38778e-016 1.15154
97 2.5912e-005 1.11022e-016 1.16754
98 5.15568e-005 1.11022e-016 1.17686
99 7.66309e-005 1.38778e-016 1.18446
100 9.42828e-005 1.38778e-016 1.19023
