1 5.98135e-009 6.93889e-018 0.999907
2 2.20271e-008 3.46945e-018 0.99965
3 4.34295e-008 1.73472e-018 0.999292
4 6.4338e-008 1.38778e-017 0.998931
5 7.91953e-008 1.04083e-017 0.998676
6 8.40723e-008 3.81639e-017 0.998603
7 7.76735e-008 5.37764e-017 0.998735
8 6.16786e-008 6.07153e-017 0.999032
9 4.0308e-008 4.51028e-017 0.999403
10 1.92672e-008 6.07153e-017 0.999741
11 4.40048e-009 6.245e-017 0.999954
12 1.47798e-010 8.1532e-017 0.999992
13 7.78926e-009 7.97973e-017 0.999846
14 2.4881e-008 9.02056e-017 0.99955
15 4.65194e-008 9.02056e-017 0.99918
16 6.68621e-008 8.50015e-017 0.99884
17 8.05117e-008 8.32667e-017 0.998633
18 8.38441e-008 8.1532e-017 0.998622
19 7.59531e-008 8.84709e-017 0.99881
20 5.88963e-008 9.36751e-017 0.99914
21 3.71731e-008 9.19403e-017 0.999512
22 1.66278e-008 7.63278e-017 0.999821
23 3.07209e-009 8.1532e-017 0.999985
24 5.86284e-010 8.67362e-017 0.999968
25 9.79677e-009 8.1532e-017 0.999772
26 2.78054e-008 8.1532e-017 0.999444
27 4.9561e-008 7.80626e-017 0.999072
28 6.92393e-008 7.97973e-017 0.998762
29 8.1617e-008 8.50015e-017 0.998608
30 8.33885e-008 7.11237e-017 0.998659
31 7.40414e-008 7.80626e-017 0.998898
32 5.60046e-008 7.63278e-017 0.999252
33 3.40455e-008 8.1532e-017 0.999616
34 1.41379e-008 1.00614e-016 0.999888
35 2.01648e-009 9.71445e-017 1
36 1.3017e-009 8.84709e-017 0.999928
37 1.1977e-008 9.88792e-017 0.999686
38 3.07798e-008 1.11022e-016 0.999335
39 5.25392e-008 8.50015e-017 0.998969
40 7.14591e-008 7.28584e-017 0.998698
41 8.25061e-008 7.80626e-017 0.998603
42 8.27072e-008 8.67362e-017 0.998714
43 7.19469e-008 9.88792e-017 0.998997
44 5.30186e-008 8.1532e-017 0.999365
45 3.0949e-008 9.36751e-017 0.999711
46 1.1828e-008 9.88792e-017 0.999941
47 1.24596e-009 1.05818e-016 1
48 2.27394e-009 1.35308e-016 0.999873
49 1.4305e-008 1.38778e-016 0.999591
50 3.37856e-008 1.38778e-016 0.999224
51 5.544e-008 1.30104e-016 0.998876
52 7.35113e-008 1.26635e-016 0.99865
53 8.31748e-008 1.31839e-016 0.998616
54 8.18028e-008 1.31839e-016 0.998785
55 6.96791e-008 1.26635e-016 0.999104
56 4.99553e-008 1.31839e-016 0.999477
57 2.79102e-008 1.35308e-016 0.999797
58 9.72784e-009 1.30104e-016 0.99998
59 7.63197e-010 1.40513e-016 0.999983
60 3.4797e-009 1.40513e-016 0.999805
61 1.67588e-008 1.43982e-016 0.999488
62 3.68063e-008 1.43982e-016 0.999115
63 5.82498e-008 1.26635e-016 0.998794
64 7.53867e-008 1.23165e-016 0.99862
65 8.36195e-008 1.19696e-016 0.998648
66 8.06786e-008 1.17961e-016 0.998869
67 6.72488e-008 1.16226e-016 0.999216
68 4.68341e-008 1.16226e-016 0.999584
69 2.49591e-008 1.21431e-016 0.99987
70 7.86325e-009 1.23165e-016 1
71 5.61476e-010 1.17961e-016 0.99995
72 4.89522e-009 1.16226e-016 0.999724
73 1.93189e-008 1.21431e-016 0.999381
74 3.98264e-008 1.30104e-016 0.999012
75 6.0956e-008 1.37043e-016 0.998725
76 7.70765e-008 1.33574e-016 0.998608
77 8.38376e-008 1.2837e-016 0.998698
78 7.93393e-008 1.14492e-016 0.998966
79 6.46682e-008 1.09288e-016 0.99933
80 4.36775e-008 1.04083e-016 0.999684
81 2.21279e-008 1.04083e-016 0.99993
82 6.25323e-009 1.12757e-016 1.00001
83 6.26696e-010 1.249e-016 0.999902
84 6.49827e-009 1.21431e-016 0.999634
85 2.19681e-008 1.26635e-016 0.999271
86 4.28315e-008 1.37043e-016 0.998916
87 6.35461e-008 1.43982e-016 0.998673
88 7.85726e-008 1.37043e-016 0.998616
89 8.38272e-008 1.49186e-016 0.998764
90 7.77906e-008 1.64799e-016 0.999071
91 6.19519e-008 1.70003e-016 0.999444
92 4.05112e-008 1.59595e-016 0.999775
93 1.9449e-008 1.47451e-016 0.999975
94 4.9077e-009 1.49186e-016 0.999998
95 9.40377e-010 1.5439e-016 0.999839
96 8.26905e-009 1.73472e-016 0.999535
97 2.46908e-008 1.61329e-016 0.999163
98 4.58074e-008 1.63064e-016 0.998831
99 6.60082e-008 1.52656e-016 0.998637
100 7.98675e-008 1.43982e-016 0.998643
