1 0.000688339 1.77636e-015 1.12812
2 0.00250398 3.55271e-015 1.87656
3 0.00506289 1.77636e-015 9.35187
4 0.00759176 1.77636e-015 15.9618
5 0.00940346 3.55271e-015 22.3111
6 0.0100059 8.88178e-015 28.5311
7 0.00923582 1.42109e-014 34.6715
8 0.00730264 1.06581e-014 40.7563
9 0.004733 8.88178e-015 46.799
10 0.00222923 1.24345e-014 52.8079
11 0.000478261 1.06581e-014 58.7888
12 3.79501e-005 1.24345e-014 64.7461
13 0.000822935 7.10543e-015 70.6837
14 0.00282366 1.24345e-014 76.6049
15 0.00541399 1.77636e-014 82.5126
16 0.00788402 2.13163e-014 88.4091
17 0.0095594 1.95399e-014 94.296
18 0.00998417 1.59872e-014 100.175
19 0.00904292 1.42109e-014 106.046
20 0.00699152 1.24345e-014 111.911
21 0.00438888 7.10543e-015 117.77
22 0.00194661 5.32907e-015 123.624
23 0.000335016 5.32907e-015 129.472
24 2.22294e-006 1.42109e-014 135.316
25 0.00102788 2.4869e-014 141.155
26 0.00314147 2.13163e-014 146.991
27 0.00575751 2.30926e-014 152.823
28 0.0081594 1.95399e-014 158.651
29 0.00969171 1.24345e-014 164.477
30 0.00993753 1.95399e-014 170.3
31 0.00883008 1.95399e-014 176.12
32 0.00667046 1.95399e-014 181.938
33 0.00404729 1.59872e-014 187.753
34 0.00167814 2.30926e-014 193.567
35 0.000213548 2.13163e-014 199.378
36 5.683e-005 1.59872e-014 205.187
37 0.0012512 1.42109e-014 210.995
38 0.00346761 1.42109e-014 216.8
39 0.00609701 1.24345e-014 222.604
40 0.00841951 1.77636e-014 228.407
41 0.00980161 1.59872e-014 234.208
42 0.0098674 1.24345e-014 240.008
43 0.008599 1.59872e-014 245.806
44 0.00634134 1.95399e-014 251.603
45 0.00371004 1.95399e-014 257.399
46 0.00142524 1.42109e-014 263.194
47 0.000114599 1.42109e-014 268.988
48 0.00013913 1.42109e-014 274.78
49 0.00149207 8.88178e-015 280.572
50 0.00380078 1.06581e-014 286.362
51 0.00643112 1.24345e-014 292.152
52 0.00866331 1.24345e-014 297.941
53 0.00988874 8.88178e-015 303.729
54 0.00977421 1.42109e-014 309.516
55 0.00835082 1.42109e-014 315.302
56 0.00600576 1.06581e-014 321.087
57 0.00337875 1.42109e-014 326.872
58 0.00118914 1.42109e-014 332.656
59 3.86672e-005 1.42109e-014 338.44
60 0.000244321 1.24345e-014 344.222
61 0.0017494 1.42109e-014 350.004
62 0.00413946 1.59872e-014 355.786
63 0.00675833 1.42109e-014 361.566
64 0.00888971 1.06581e-014 367.347
65 0.00995274 1.06581e-014 373.126
66 0.00965842 1.24345e-014 378.905
67 0.00808673 1.59872e-014 384.684
68 0.0056653 1.59872e-014 390.462
69 0.003055 1.95399e-014 396.239
70 0.000970946 2.30926e-014 402.016
71 1.38793e-005 2.4869e-014 407.793
72 0.000371915 2.4869e-014 413.569
73 0.00202197 2.30926e-014 419.345
74 0.00448206 2.84217e-014 425.12
75 0.0070771 1.95399e-014 430.895
76 0.00909766 2.13163e-014 436.669
77 0.00999331 2.13163e-014 442.443
78 0.0095206 2.13163e-014 448.216
79 0.00780798 2.13163e-014 453.99
80 0.00532158 2.4869e-014 459.762
81 0.00274032 2.13163e-014 465.535
82 0.000771714 2.13163e-014 471.307
83 4.27868e-005 1.77636e-014 477.079
84 0.000521309 2.30926e-014 482.85
85 0.0023085 1.42109e-014 488.621
86 0.00482697 8.88178e-015 494.392
87 0.00738595 1.06581e-014 500.162
88 0.00928621 1.06581e-014 505.933
89 0.0100103 3.55271e-015 511.702
90 0.00936139 8.88178e-015 517.472
91 0.00751587 1.24345e-014 523.241
92 0.00497621 1.59872e-014 529.01
93 0.0024362 1.59872e-014 534.779
94 0.000592387 8.88178e-015 540.547
95 4.79161e-005 1.24345e-014 546.315
96 0.000691797 8.88178e-015 552.083
97 0.00260763 1.77636e-014 557.851
98 0.00517257 2.13163e-014 563.618
99 0.00768342 1.95399e-014 569.386
100 0.00945446 2.30926e-014 575.153
