1 7.1867e-008 3.1225e-017 1.00049
2 2.6757e-007 8.67362e-017 1.00184
3 5.33114e-007 1.94289e-016 1.00375
4 7.955e-007 1.38778e-016 1.00579
5 9.8275e-007 1.37043e-016 1.00751
6 1.04356e-006 8.32667e-017 1.0085
7 9.61302e-007 7.11237e-017 1.00852
8 7.58577e-007 7.28584e-017 1.00748
9 4.91006e-007 7.45931e-017 1.00552
10 2.31999e-007 1.40513e-016 1.00295
11 5.26139e-008 1.21431e-016 1.0002
12 2.09727e-009 1.00614e-016 0.997721
13 9.44313e-008 6.07153e-017 0.995921
14 3.0446e-007 3.1225e-017 0.995054
15 5.74533e-007 6.41848e-017 0.99517
16 8.30261e-007 4.16334e-017 0.996101
17 1.00125e-006 1.9082e-017 0.997502
18 1.04055e-006 7.63278e-017 0.998931
19 9.37474e-007 1.38778e-017 0.999943
20 7.20409e-007 2.77556e-017 1.00018
21 4.49004e-007 6.41848e-017 0.999427
22 1.97806e-007 1.17961e-016 0.997682
23 3.5791e-008 1.45717e-016 0.995129
24 7.40125e-009 1.52656e-016 0.992117
25 1.20343e-007 2.04697e-016 0.989087
26 3.43546e-007 2.06432e-016 0.986495
27 6.15816e-007 1.61329e-016 0.984708
28 8.62574e-007 2.1684e-016 0.983932
29 1.01605e-006 2.15106e-016 0.984158
30 1.0339e-006 2.23779e-016 0.985168
31 9.1109e-007 2.04697e-016 0.986585
32 6.81367e-007 1.94289e-016 0.98796
33 4.07905e-007 1.82146e-016 0.988866
34 1.659e-007 1.9082e-016 0.988976
35 2.18935e-008 1.70003e-016 0.988136
36 1.54579e-008 1.99493e-016 0.986383
37 1.48306e-007 1.92554e-016 0.983946
38 3.83828e-007 2.04697e-016 0.981201
39 6.57217e-007 2.42861e-016 0.978599
40 8.93387e-007 2.91434e-016 0.976578
41 1.02767e-006 2.11636e-016 0.975471
42 1.02339e-006 2.48065e-016 0.975431
43 8.81642e-007 2.86229e-016 0.976397
44 6.41108e-007 2.8276e-016 0.978104
45 3.67755e-007 2.27249e-016 0.980152
46 1.36731e-007 2.37657e-016 0.982088
47 1.16179e-008 2.91434e-016 0.983498
48 2.68824e-008 2.68882e-016 0.984092
49 1.78357e-007 2.63678e-016 0.983752
50 4.24388e-007 2.34188e-016 0.982558
51 6.97306e-007 2.08167e-016 0.980775
52 9.22049e-007 2.08167e-016 0.978797
53 1.03684e-006 1.73472e-016 0.977077
54 1.01021e-006 1.68268e-016 0.976035
55 8.4969e-007 1.70003e-016 0.975963
56 5.9947e-007 2.1684e-016 0.976966
57 3.28116e-007 1.9082e-016 0.978928
58 1.09966e-007 1.70003e-016 0.981543
59 4.92866e-009 1.49186e-016 0.984386
60 4.19556e-008 1.17961e-016 0.987
61 2.10967e-007 1.37043e-016 0.988992
62 4.65576e-007 1.38778e-016 0.990099
63 7.35843e-007 1.73472e-016 0.990246
64 9.47507e-007 1.61329e-016 0.989556
65 1.04238e-006 1.94289e-016 0.988326
66 9.94313e-007 2.11636e-016 0.986973
67 8.1645e-007 2.22045e-016 0.98595
68 5.57714e-007 2.42861e-016 0.985652
69 2.89383e-007 2.46331e-016 0.986331
70 8.52369e-008 2.37657e-016 0.988035
71 1.18341e-009 2.37657e-016 0.990594
72 6.01549e-008 2.27249e-016 0.993662
73 2.45942e-007 2.01228e-016 0.996794
74 5.07578e-007 2.46331e-016 0.999534
75 7.73274e-007 2.498e-016 1.00151
76 9.70113e-007 2.5327e-016 1.00251
77 1.04406e-006 2.87964e-016 1.0025
78 9.74774e-007 2.65413e-016 1.00166
79 7.81181e-007 2.75821e-016 1.00032
80 5.16331e-007 3.07046e-016 0.998924
81 2.52936e-007 2.63678e-016 0.99792
82 6.35088e-008 2.55004e-016 0.997676
83 3.26064e-010 3.22659e-016 0.998393
84 8.07372e-008 3.38271e-016 1.00006
85 2.82415e-007 3.13985e-016 1.00245
86 5.49807e-007 3.69496e-016 1.00518
87 8.09493e-007 3.7817e-016 1.00779
88 9.90259e-007 3.46945e-016 1.00985
89 1.04257e-006 3.69496e-016 1.01101
90 9.52096e-007 3.34802e-016 1.01112
91 7.43672e-007 3.66027e-016 1.01021
92 4.74458e-007 3.79904e-016 1.0085
93 2.18295e-007 3.33067e-016 1.00639
94 4.54755e-008 2.96638e-016 1.00432
95 3.51661e-009 3.33067e-016 1.00273
96 1.04143e-007 3.69496e-016 1.00196
97 3.19872e-007 3.31332e-016 1.00214
98 5.91318e-007 3.1572e-016 1.00321
99 8.43691e-007 3.50414e-016 1.00489
100 1.00761e-006 3.40006e-016 1.00676
