1 7.46629e-007 1.73472e-018 1.00378
2 2.7778e-006 6.93889e-018 1.01147
3 5.52862e-006 1.73472e-018 1.01797
4 8.23312e-006 6.93889e-018 1.02494
5 1.01354e-005 1.21431e-017 1.03977
6 1.06993e-005 1.9082e-017 1.06625
7 9.74953e-006 1.56125e-017 1.09803
8 7.52572e-006 1.9082e-017 1.12445
9 4.61801e-006 1.9082e-017 1.14065
10 1.80709e-006 1.38778e-017 1.15013
11 1.43659e-007 1.04083e-017 1.15885
12 7.04656e-007 8.67362e-018 1.16776
13 2.72171e-007 1.21431e-017 1.17264
14 2.51453e-006 1.04083e-017 1.17086
15 5.40104e-006 1.38778e-017 1.16575
16 8.13871e-006 1.38778e-017 1.16321
17 9.98308e-006 1.21431e-017 1.16403
18 1.04342e-005 1.38778e-017 1.1615
19 9.37875e-006 1.38778e-017 1.14812
20 7.1155e-006 1.56125e-017 1.12337
21 4.27554e-006 8.67362e-018 1.09475
22 1.65682e-006 1.21431e-017 1.07043
23 1.05648e-009 1.9082e-017 1.05161
24 2.19236e-007 1.9082e-017 1.03432
25 1.08261e-006 2.25514e-017 1.01729
26 3.55938e-006 2.42861e-017 1.00531
27 6.53913e-006 2.25514e-017 1.00313
28 9.2082e-006 2.60209e-017 1.0074
29 1.08379e-005 1.73472e-017 1.00967
30 1.09833e-005 2.42861e-017 1.00715
31 9.60125e-006 2.94903e-017 1.00674
32 7.06092e-006 2.77556e-017 1.01787
33 4.04337e-006 3.29597e-017 1.04132
34 1.35828e-006 3.1225e-017 1.06868
35 2.73686e-007 3.1225e-017 1.09248
36 4.22509e-007 3.29597e-017 1.11242
37 9.34708e-007 3.81639e-017 1.13205
38 3.40809e-006 3.46945e-017 1.15137
39 6.30128e-006 3.29597e-017 1.16498
40 8.81196e-006 3.46945e-017 1.16865
41 1.02466e-005 3.46945e-017 1.16518
42 1.02086e-005 3.64292e-017 1.16261
43 8.70899e-006 3.64292e-017 1.16608
44 6.15482e-006 3.64292e-017 1.17198
45 3.24778e-006 3.98986e-017 1.17202
46 7.92224e-007 3.81639e-017 1.16169
47 5.2874e-007 4.33681e-017 1.14398
48 3.38046e-007 3.98986e-017 1.12472
49 1.32518e-006 3.81639e-017 1.10537
50 4.01677e-006 4.16334e-017 1.08266
51 7.01542e-006 3.98986e-017 1.05547
52 9.51797e-006 3.98986e-017 1.02975
53 1.086e-005 4.16334e-017 1.01454
54 1.06929e-005 3.98986e-017 1.01168
55 9.07259e-006 3.46945e-017 1.01292
56 6.44769e-006 3.98986e-017 1.00975
57 3.53871e-006 4.51028e-017 1.00262
58 1.14466e-006 4.33681e-017 0.99983
59 7.59804e-008 4.85723e-017 1.00723
60 2.0634e-007 5.0307e-017 1.02196
61 1.90173e-006 4.85723e-017 1.03854
62 4.52435e-006 4.85723e-017 1.05676
63 7.33139e-006 4.85723e-017 1.0804
64 9.53437e-006 4.68375e-017 1.10965
65 1.05111e-005 4.85723e-017 1.13708
66 9.98008e-006 5.0307e-017 1.15403
67 8.07345e-006 5.20417e-017 1.15903
68 5.29973e-006 5.37764e-017 1.15879
69 2.41291e-006 5.0307e-017 1.16127
70 2.01274e-007 4.85723e-017 1.16772
71 7.27844e-007 5.20417e-017 1.17276
72 1.15902e-007 5.0307e-017 1.17177
73 1.86864e-006 5.37764e-017 1.1659
74 4.68207e-006 4.85723e-017 1.15921
75 7.5587e-006 4.33681e-017 1.15185
76 9.7179e-006 3.98986e-017 1.13826
77 1.05843e-005 3.64292e-017 1.11379
78 9.93758e-006 3.64292e-017 1.0815
79 7.97133e-006 3.46945e-017 1.0518
80 5.24402e-006 2.94903e-017 1.03332
81 2.5216e-006 2.94903e-017 1.02467
82 5.70928e-007 2.60209e-017 1.01822
83 5.61443e-008 2.42861e-017 1.00998
84 8.20916e-007 2.77556e-017 1.0034
85 2.96347e-006 2.60209e-017 1.00307
86 5.77977e-006 2.77556e-017 1.00717
87 8.49317e-006 2.42861e-017 1.01065
88 1.03549e-005 2.42861e-017 1.01405
89 1.08456e-005 2.60209e-017 1.02481
90 9.81649e-006 2.60209e-017 1.04887
91 7.52819e-006 2.25514e-017 1.08181
92 4.58498e-006 2.25514e-017 1.11219
93 1.77549e-006 2.25514e-017 1.13246
94 1.44855e-007 2.42861e-017 1.14404
95 6.58936e-007 1.73472e-017 1.15295
96 3.6553e-007 2.25514e-017 1.16193
97 2.6353e-006 2.60209e-017 1.16798
98 5.52042e-006 3.64292e-017 1.1681
99 8.22448e-006 3.81639e-017 1.16476
100 1.00056e-005 3.64292e-017 1.16397
