1 0.000290659 1.01644e-020 19.7645
2 0.000288721 5.42101e-020 40.3774
3 0.000288183 1.38913e-019 60.9668
4 0.000287927 5.42101e-020 81.5458
5 0.000287777 1.38913e-019 102.119
6 0.000287678 1.38913e-019 122.688
7 0.000287608 1.38913e-019 143.255
8 0.000287556 1.38913e-019 163.82
9 0.000287515 3.21873e-020 184.383
10 0.000287483 3.10014e-019 204.946
11 0.000287456 3.10014e-019 225.507
12 0.000287434 3.10014e-019 246.068
13 0.000287416 6.50521e-019 266.628
14 0.0002874 9.91029e-019 287.187
15 0.000287386 1.33323e-018 307.746
16 0.000287374 9.91029e-019 328.304
17 0.000287363 9.91029e-019 348.862
18 0.000287354 9.91029e-019 369.42
19 0.000287345 9.91029e-019 389.978
20 0.000287338 3.10014e-019 410.535
21 0.000287331 9.91029e-019 431.092
22 0.000287325 3.10014e-019 451.649
23 0.000287319 3.10014e-019 472.205
24 0.000287314 1.0554e-018 492.762
25 0.000287309 1.73642e-018 513.318
26 0.000287304 1.73642e-018 533.874
27 0.0002873 2.41913e-018 554.43
28 0.000287296 3.10183e-018 574.986
29 0.000287293 3.10183e-018 595.542
30 0.00028729 3.10183e-018 616.097
31 0.000287286 3.10183e-018 636.653
32 0.000287284 3.10183e-018 657.208
33 0.000287281 3.78285e-018 677.763
34 0.000287278 4.46556e-018 698.319
35 0.000287276 4.46556e-018 718.874
36 0.000287273 3.10183e-018 739.429
37 0.000287271 4.46556e-018 759.984
38 0.000287269 4.46556e-018 780.539
39 0.000287267 4.46556e-018 801.094
40 0.000287265 4.46556e-018 821.649
41 0.000287264 4.46556e-018 842.203
42 0.000287262 5.82928e-018 862.758
43 0.00028726 7.193e-018 883.313
44 0.000287259 8.55842e-018 903.867
45 0.000287257 5.82928e-018 924.422
46 0.000287256 7.193e-018 944.976
47 0.000287255 5.82928e-018 965.531
48 0.000287253 5.82928e-018 986.085
49 0.000287252 7.193e-018 1006.64
50 0.000287251 7.193e-018 1027.19
51 0.00028725 5.82928e-018 1047.75
52 0.000287249 7.193e-018 1068.3
53 0.000287248 9.92214e-018 1088.86
54 0.000287247 7.193e-018 1109.41
55 0.000287246 8.55842e-018 1129.96
56 0.000287245 8.55842e-018 1150.52
57 0.000287244 9.92214e-018 1171.07
58 0.000287243 8.55842e-018 1191.63
59 0.000287242 8.55842e-018 1212.18
60 0.000287241 8.55842e-018 1232.74
61 0.000287241 9.92214e-018 1253.29
62 0.00028724 1.12859e-017 1273.84
63 0.000287239 9.92214e-018 1294.4
64 0.000287238 9.92214e-018 1314.95
65 0.000287238 9.92214e-018 1335.5
66 0.000287237 1.12859e-017 1356.06
67 0.000287236 1.26513e-017 1376.61
68 0.000287236 1.53787e-017 1397.17
69 0.000287235 1.53787e-017 1417.72
70 0.000287235 1.81079e-017 1438.27
71 0.000287234 1.81079e-017 1458.83
72 0.000287233 1.81079e-017 1479.38
73 0.000287233 1.81079e-017 1499.94
74 0.000287232 1.81079e-017 1520.49
75 0.000287232 1.81079e-017 1541.04
76 0.000287231 2.0837e-017 1561.6
77 0.000287231 2.0837e-017 1582.15
78 0.00028723 2.35645e-017 1602.7
79 0.00028723 2.35645e-017 1623.26
80 0.000287229 2.0837e-017 1643.81
81 0.000287229 2.0837e-017 1664.36
82 0.000287229 2.35645e-017 1684.92
83 0.000287228 2.35645e-017 1705.47
84 0.000287228 2.0837e-017 1726.03
85 0.000287227 2.0837e-017 1746.58
86 0.000287227 2.0837e-017 1767.13
87 0.000287227 2.35645e-017 1787.69
88 0.000287226 2.35645e-017 1808.24
89 0.000287226 2.62936e-017 1828.79
90 0.000287225 2.35645e-017 1849.35
91 0.000287225 2.0837e-017 1869.9
92 0.000287225 2.0837e-017 1890.45
93 0.000287224 2.35645e-017 1911.01
94 0.000287224 2.35645e-017 1931.56
95 0.000287224 2.35645e-017 1952.11
96 0.000287223 2.0837e-017 1972.67
97 0.000287223 2.62936e-017 1993.22
98 0.000287223 2.0837e-017 2013.77
99 0.000287222 2.35645e-017 2034.33
100 0.000287222 1.81079e-017 2054.88
