1 5.95734e-008 1.11022e-016 0.999113
2 2.19645e-007 1.38778e-016 0.996632
3 4.33499e-007 2.77556e-017 0.993128
4 6.42638e-007 1.11022e-016 0.989525
5 7.91392e-007 1.94289e-016 0.98687
6 8.40416e-007 1.66533e-016 0.985982
7 7.76747e-007 2.22045e-016 0.987142
8 6.17217e-007 1.11022e-016 0.989983
9 4.04035e-007 1.66533e-016 0.993636
10 1.94056e-007 8.32667e-017 0.997052
11 4.50926e-008 2.77556e-017 0.999346
12 1.08396e-009 1.11022e-016 1
13 7.58728e-008 2.22045e-016 0.998884
14 2.46198e-007 2.22045e-016 0.996226
15 4.62873e-007 1.11022e-016 0.992651
16 6.66963e-007 1.11022e-016 0.989117
17 8.04231e-007 2.22045e-016 0.986665
18 8.38375e-007 2.498e-016 0.986053
19 7.60365e-007 1.66533e-016 0.987478
20 5.90822e-007 2.22045e-016 0.990489
21 3.74622e-007 3.05311e-016 0.994173
22 1.69565e-007 3.88578e-016 0.997484
23 3.25136e-008 3.88578e-016 0.999582
24 4.32918e-009 2.498e-016 1
25 9.38989e-008 3.05311e-016 0.99866
26 2.73583e-007 2.77556e-016 0.995835
27 4.92014e-007 3.60822e-016 0.992207
28 6.90076e-007 4.44089e-016 0.988763
29 8.15202e-007 3.05311e-016 0.986527
30 8.34303e-007 8.32667e-017 0.986196
31 7.42325e-007 1.11022e-016 0.987877
32 5.63581e-007 8.32667e-017 0.99104
33 3.45407e-007 1.66533e-016 0.994735
34 1.46297e-007 1.11022e-016 0.997927
35 2.19094e-008 1.66533e-016 0.99982
36 9.71583e-009 1.38778e-016 1
37 1.13552e-007 1.94289e-016 0.998441
38 3.01659e-007 2.22045e-016 0.995462
39 5.2078e-007 8.32667e-017 0.991798
40 7.11865e-007 0 0.988463
41 8.24252e-007 0 0.986457
42 8.2822e-007 8.32667e-017 0.98641
43 7.22715e-007 1.11022e-016 0.988336
44 5.35625e-007 1.94289e-016 0.991634
45 3.16531e-007 0 0.99532
46 1.24376e-007 8.32667e-017 0.998378
47 1.33423e-008 1.66533e-016 1.00006
48 1.72111e-008 8.32667e-017 1.00001
49 1.34723e-007 0 0.998228
50 3.30287e-007 8.32667e-017 0.995109
51 5.49032e-007 1.38778e-016 0.991428
52 7.32227e-007 8.32667e-017 0.98822
53 8.31337e-007 1.94289e-016 0.986456
54 8.20155e-007 3.33067e-016 0.986692
55 7.01628e-007 2.77556e-016 0.988852
56 5.07088e-007 5.55112e-017 0.992266
57 2.88137e-007 1.38778e-016 0.995925
58 1.03918e-007 1.38778e-016 0.998836
59 6.86328e-009 1.38778e-016 1.0003
60 2.67699e-008 1.11022e-016 1.00001
61 1.57299e-007 1.11022e-016 0.998023
62 3.59326e-007 8.32667e-017 0.994776
63 5.76635e-007 1.94289e-016 0.991097
64 7.51063e-007 1.11022e-016 0.988036
65 8.36425e-007 1.38778e-016 0.986525
66 8.10147e-007 2.77556e-017 0.987042
67 6.79166e-007 8.32667e-017 0.989424
68 4.78108e-007 0 0.992934
69 2.60367e-007 2.77556e-017 0.996548
70 8.50346e-008 5.55112e-017 0.999299
71 2.51101e-009 8.32667e-017 1.00054
72 3.83352e-008 5.55112e-017 1.00001
73 1.8116e-007 5.55112e-017 0.997824
74 3.88631e-007 2.77556e-017 0.994465
75 6.03456e-007 5.55112e-017 0.990809
76 7.68283e-007 1.66533e-016 0.987911
77 8.39492e-007 2.77556e-017 0.986663
78 7.98245e-007 1.11022e-016 0.987458
79 6.55436e-007 1.11022e-016 0.990046
80 4.48825e-007 8.32667e-017 0.993634
81 2.33359e-007 2.22045e-016 0.997185
82 6.78291e-008 1.66533e-016 0.999765
83 3.11581e-010 2.77556e-017 1.00078
84 5.18388e-008 1.38778e-016 1.00002
85 2.0618e-007 1.38778e-016 0.997634
86 4.1806e-007 1.94289e-016 0.994178
87 6.29365e-007 1.94289e-016 0.990564
88 7.83806e-007 2.77556e-016 0.987847
89 8.40523e-007 2.77556e-016 0.986868
90 7.84507e-007 1.94289e-016 0.987937
91 6.30554e-007 1.94289e-016 0.990717
92 4.19381e-007 1.38778e-016 0.994363
93 2.0725e-007 1.38778e-016 0.997834
94 5.23975e-008 1.38778e-016 1.00023
95 2.77953e-010 2.22045e-016 1.00101
96 6.72022e-008 3.33067e-016 1.00002
97 2.3223e-007 2.77556e-016 0.997452
98 4.47469e-007 3.33067e-016 0.993917
99 6.54239e-007 3.05311e-016 0.990365
100 7.97558e-007 2.22045e-016 0.987845
