1 5.4213e-006 1.59872e-014 1.18989
2 1.94058e-005 2.13163e-014 1.52145
3 3.69692e-005 8.88178e-015 1.79093
4 0.000101395 3.55271e-015 2.48946
5 0.00014746 5.32907e-015 5.21034
6 5.54929e-005 1.59872e-014 5.42218
7 0.0001064 2.13163e-014 5.30724
8 8.00585e-005 1.95399e-014 5.71768
9 4.56513e-005 1.77636e-014 3.72359
10 5.76789e-006 1.24345e-014 6.9455
11 4.13661e-005 8.88178e-015 9.99246
12 7.30699e-005 1.77636e-015 12.1232
13 7.73401e-005 7.10543e-015 13.3489
14 5.32149e-005 1.24345e-014 13.859
15 8.72044e-006 3.55271e-015 13.8716
16 4.3197e-005 5.32907e-015 13.5164
17 8.79679e-005 1.77636e-015 12.8536
18 0.000113108 7.10543e-015 11.9037
19 0.000111536 8.88178e-015 10.662
20 8.34682e-005 2.13163e-014 9.10069
21 3.63042e-005 1.95399e-014 7.16679
22 1.74218e-005 2.4869e-014 4.79791
23 6.32487e-005 1.77636e-014 2.45935
24 8.8634e-005 3.55271e-015 3.92725
25 8.51145e-005 1.06581e-014 6.89355
26 5.63716e-005 8.88178e-015 9.62475
27 1.08305e-005 3.55271e-015 12.1032
28 3.93997e-005 0 14.3851
29 8.08279e-005 3.55271e-015 16.5087
30 0.00010229 1.95399e-014 18.4979
31 9.80583e-005 7.10543e-015 20.3675
32 6.94406e-005 1.59872e-014 22.1251
33 2.44539e-005 1.95399e-014 23.7735
34 2.4342e-005 2.13163e-014 25.3105
35 6.32877e-005 3.19744e-014 26.7328
36 8.1485e-005 3.90799e-014 28.0407
37 7.39422e-005 4.79616e-014 29.2438
38 4.28839e-005 4.44089e-014 30.3578
39 3.03138e-006 5.15143e-014 31.3975
40 5.11432e-005 5.68434e-014 32.3741
41 8.82397e-005 5.15143e-014 33.2949
42 0.000104155 5.32907e-014 34.1646
43 9.45434e-005 5.15143e-014 34.9858
44 6.20652e-005 3.37508e-014 35.7593
45 1.56645e-005 3.37508e-014 36.4847
46 3.18728e-005 4.61853e-014 37.1602
47 6.74205e-005 4.44089e-014 37.783
48 8.11392e-005 3.55271e-014 38.3512
49 6.92352e-005 2.66454e-014 38.8651
50 3.50224e-005 3.55271e-015 39.328
51 1.2038e-005 2.13163e-014 39.7445
52 5.89831e-005 2.30926e-014 40.119
53 9.29119e-005 2.84217e-014 40.4546
54 0.000104512 3.55271e-014 40.7534
55 9.06045e-005 3.55271e-014 41.0161
56 5.50086e-005 4.08562e-014 41.2428
57 7.50148e-006 4.9738e-014 41.4324
58 3.8855e-005 4.9738e-014 41.5828
59 7.12893e-005 6.03961e-014 41.6914
60 8.08374e-005 6.92779e-014 41.7555
61 6.48458e-005 6.57252e-014 41.7741
62 2.77289e-005 6.92779e-014 41.7484
63 2.0269e-005 6.57252e-014 41.6809
64 6.59277e-005 5.15143e-014 41.5746
65 9.66919e-005 3.19744e-014 41.4316
66 0.000104108 2.30926e-014 41.2531
67 8.6134e-005 2.13163e-014 41.0394
68 4.76947e-005 1.06581e-014 40.7897
69 6.62828e-007 3.19744e-014 40.5024
70 4.5652e-005 3.37508e-014 40.1746
71 7.48796e-005 3.37508e-014 39.8025
72 8.02537e-005 4.08562e-014 39.3819
73 6.02487e-005 4.44089e-014 38.91
74 2.03737e-005 4.79616e-014 38.3865
75 2.83564e-005 3.01981e-014 37.8134
76 7.24966e-005 2.30926e-014 37.1934
77 9.98854e-005 1.77636e-014 36.5283
78 0.000102976 1.24345e-014 35.8189
79 8.08963e-005 7.10543e-015 35.0646
80 3.96831e-005 1.59872e-014 34.2634
81 9.36818e-006 1.59872e-014 33.4118
82 5.27873e-005 2.30926e-014 32.5036
83 7.8602e-005 2.4869e-014 31.5302
84 7.96088e-005 3.19744e-014 30.4804
85 5.54036e-005 3.55271e-014 29.3431
86 1.26253e-005 1.77636e-014 28.1119
87 3.68299e-005 2.66454e-014 26.7874
88 7.91908e-005 5.32907e-015 25.3728
89 0.000102675 8.88178e-015 23.8702
90 0.000100719 2.4869e-014 22.2784
91 7.37604e-005 2.66454e-014 20.5922
92 2.9093e-005 1.42109e-014 18.8014
93 2.11409e-005 8.88178e-015 16.8883
94 6.33061e-005 2.13163e-014 14.8212
95 8.60957e-005 2.30926e-014 12.5383
96 8.40927e-005 2.4869e-014 9.88841
97 6.59952e-005 2.4869e-014 6.28178
98 1.22895e-005 1.59872e-014 4.51611
99 4.81046e-005 2.66454e-014 4.83607
100 9.80379e-005 2.13163e-014 2.81839
