1 8.85713e-010 6.93889e-018 0.999909
2 3.54558e-009 2.25514e-017 0.999655
3 7.55002e-009 3.29597e-017 0.9993
4 1.17931e-008 5.37764e-017 0.998939
5 1.49466e-008 7.28584e-017 0.998674
6 1.60038e-008 9.36751e-017 0.998585
7 1.4627e-008 1.16226e-016 0.998697
8 1.1254e-008 6.41848e-017 0.998978
9 6.95933e-009 1.00614e-016 0.999344
10 3.07883e-009 1.31839e-016 0.999692
11 6.51326e-010 1.42247e-016 0.999929
12 1.76052e-011 1.56125e-016 0.999999
13 1.15459e-009 1.52656e-016 0.999887
14 4.03702e-009 1.249e-016 0.999618
15 8.14397e-009 1.12757e-016 0.999257
16 1.23112e-008 1.05818e-016 0.998901
17 1.52268e-008 1.42247e-016 0.998654
18 1.59585e-008 1.43982e-016 0.998588
19 1.42701e-008 1.249e-016 0.998722
20 1.06967e-008 1.16226e-016 0.999018
21 6.37518e-009 1.26635e-016 0.999387
22 2.63897e-009 8.50015e-017 0.999726
23 4.51961e-010 1.11022e-016 0.999946
24 7.03983e-011 1.49186e-016 0.999995
25 1.45725e-009 1.80411e-016 0.999863
26 4.55075e-009 1.2837e-016 0.999579
27 8.73787e-009 1.59595e-016 0.999213
28 1.28052e-008 1.11022e-016 0.998866
29 1.54663e-008 1.17961e-016 0.998636
30 1.58681e-008 9.02056e-017 0.998593
31 1.38776e-008 1.5439e-016 0.99875
32 1.01246e-008 1.5786e-016 0.999059
33 5.80077e-009 2.02963e-016 0.99943
34 2.22799e-009 2.63678e-016 0.999759
35 2.8798e-010 2.98372e-016 0.999961
36 1.58311e-010 3.1225e-016 0.999989
37 1.79276e-009 3.10516e-016 0.999837
38 5.0842e-009 3.26128e-016 0.999539
39 9.3284e-009 3.1572e-016 0.99917
40 1.32723e-008 3.55618e-016 0.998831
41 1.56636e-008 3.43475e-016 0.998621
42 1.57332e-008 3.01842e-016 0.998602
43 1.34519e-008 3.24393e-016 0.99878
44 9.54076e-009 3.46945e-016 0.999101
45 5.23923e-009 3.60822e-016 0.999473
46 1.84765e-009 3.46945e-016 0.999791
47 1.596e-010 3.00107e-016 0.999974
48 2.81218e-010 2.8276e-016 0.99998
49 2.16001e-009 3.20924e-016 0.999809
50 5.63462e-009 2.63678e-016 0.999498
51 9.91224e-009 2.56739e-016 0.999127
52 1.37101e-008 2.5327e-016 0.998799
53 1.58176e-008 2.39392e-016 0.998608
54 1.55545e-008 2.93168e-016 0.998613
55 1.29954e-008 2.91434e-016 0.998811
56 8.94852e-009 2.67147e-016 0.999144
57 4.6936e-009 2.89699e-016 0.999515
58 1.49947e-009 3.40006e-016 0.999821
59 6.69132e-011 3.34802e-016 0.999984
60 4.38926e-010 3.26128e-016 0.99997
61 2.55765e-009 2.67147e-016 0.999779
62 6.19913e-009 2.75821e-016 0.999457
63 1.04861e-008 2.32453e-016 0.999085
64 1.41158e-008 2.86229e-016 0.998768
65 1.59274e-008 3.13985e-016 0.998599
66 1.53329e-008 2.93168e-016 0.998627
67 1.25105e-008 2.72352e-016 0.998845
68 8.35121e-009 2.51535e-016 0.999188
69 4.16676e-009 2.42861e-016 0.999556
70 1.18476e-009 2.498e-016 0.999848
71 9.91013e-012 2.39392e-016 0.999992
72 6.31157e-010 1.89085e-016 0.999956
73 2.98409e-009 2.13371e-016 0.999747
74 6.77471e-009 2.18575e-016 0.999414
75 1.10467e-008 2.8276e-016 0.999044
76 1.44873e-008 2.84495e-016 0.99874
77 1.59924e-008 2.42861e-016 0.998592
78 1.50697e-008 2.63678e-016 0.998644
79 1.2e-008 2.89699e-016 0.998881
80 7.75219e-009 2.65413e-016 0.999231
81 3.66146e-009 2.55004e-016 0.999596
82 9.04579e-010 2.89699e-016 0.999874
83 1.15021e-011 2.91434e-016 0.999998
84 8.57527e-010 3.34802e-016 0.999941
85 3.43757e-009 3.55618e-016 0.999714
86 7.35825e-009 3.747e-016 0.999372
87 1.1591e-008 3.66027e-016 0.999003
88 1.48224e-008 3.50414e-016 0.998714
89 1.60122e-008 3.00107e-016 0.998588
90 1.47664e-008 2.72352e-016 0.998663
91 1.14669e-008 2.84495e-016 0.998918
92 7.1548e-009 3.31332e-016 0.999276
93 3.18029e-009 2.8276e-016 0.999634
94 6.59758e-010 2.91434e-016 0.999897
95 2.51812e-012 2.77556e-016 1
96 1.11753e-009 3.24393e-016 0.999923
97 3.91607e-009 3.46945e-016 0.999679
98 7.94657e-009 3.69496e-016 0.999329
99 1.21157e-008 3.7817e-016 0.998964
100 1.51193e-008 3.7817e-016 0.99869
