1 1.26193e-013 1.69407e-021 1
2 5.04773e-013 1.01644e-020 1
3 1.13574e-012 1.01644e-020 1
4 2.01908e-012 2.5411e-020 1
5 3.15481e-012 3.21873e-020 1
6 4.54291e-012 3.04932e-020 1
7 6.18337e-012 4.06576e-020 1
8 8.0762e-012 3.38813e-020 1
9 1.02214e-011 3.38813e-020 1
10 1.26189e-011 3.72694e-020 1
11 1.52687e-011 3.21873e-020 1
12 1.81709e-011 4.06576e-020 1
13 2.13254e-011 4.23516e-020 1
14 2.47322e-011 3.21873e-020 1
15 2.83912e-011 3.38813e-020 1
16 3.23025e-011 3.04932e-020 1
17 3.64661e-011 3.72694e-020 1
18 4.08819e-011 4.57398e-020 1
19 4.55499e-011 3.55754e-020 1
20 5.047e-011 1.69407e-020 1
21 5.56424e-011 1.52466e-020 1
22 6.10669e-011 2.20229e-020 1
23 6.67435e-011 2.71051e-020 1
24 7.26722e-011 2.5411e-020 1
25 7.8853e-011 3.21873e-020 1
26 8.52858e-011 4.06576e-020 1
27 9.19706e-011 2.71051e-020 1
28 9.89075e-011 3.04932e-020 1
29 1.06096e-010 3.72694e-020 1
30 1.13537e-010 3.72694e-020 1
31 1.2123e-010 4.06576e-020 1
32 1.29174e-010 2.03288e-020 1
33 1.3737e-010 2.20229e-020 1
34 1.45818e-010 2.37169e-020 1
35 1.54518e-010 2.37169e-020 1
36 1.6347e-010 2.20229e-020 1
37 1.72673e-010 2.5411e-020 1
38 1.82128e-010 3.89635e-020 1
39 1.91834e-010 3.72694e-020 1
40 2.01792e-010 4.23516e-020 1
41 2.12001e-010 4.06576e-020 1
42 2.22462e-010 4.91279e-020 1
43 2.33175e-010 4.23516e-020 1
44 2.44138e-010 5.42101e-020 1
45 2.55353e-010 4.91279e-020 1
46 2.6682e-010 4.57398e-020 1
47 2.78537e-010 4.23516e-020 1
48 2.90506e-010 4.57398e-020 1
49 3.02726e-010 3.38813e-020 1.00001
50 3.15197e-010 3.21873e-020 1.00001
51 3.27919e-010 3.04932e-020 1.00001
52 3.40891e-010 2.71051e-020 1.00001
53 3.54115e-010 2.37169e-020 1.00001
54 3.6759e-010 3.04932e-020 1.00001
55 3.81315e-010 2.37169e-020 1.00001
56 3.95291e-010 1.86347e-020 1.00001
57 4.09518e-010 2.03288e-020 1.00001
58 4.23995e-010 1.69407e-020 1.00001
59 4.38723e-010 1.18585e-020 1.00001
60 4.53701e-010 8.47033e-021 1.00001
61 4.6893e-010 1.01644e-020 1.00001
62 4.84409e-010 1.18585e-020 1.00001
63 5.00139e-010 6.77626e-021 1.00001
64 5.16118e-010 6.77626e-021 1.00001
65 5.32348e-010 5.0822e-021 1.00001
66 5.48828e-010 6.77626e-021 1.00001
67 5.65557e-010 1.18585e-020 1.00001
68 5.82537e-010 1.69407e-021 1.00001
69 5.99766e-010 8.47033e-021 1.00001
70 6.17246e-010 3.38813e-021 1.00001
71 6.34975e-010 5.0822e-021 1.00001
72 6.52953e-010 1.69407e-021 1.00001
73 6.71181e-010 0 1.00001
74 6.89659e-010 1.69407e-021 1.00001
75 7.08386e-010 0 1.00001
76 7.27362e-010 3.38813e-021 1.00001
77 7.46587e-010 0 1.00001
78 7.66062e-010 3.38813e-021 1.00001
79 7.85786e-010 1.69407e-021 1.00001
80 8.05758e-010 0 1.00001
81 8.2598e-010 5.0822e-021 1.00001
82 8.4645e-010 3.38813e-021 1.00001
83 8.67169e-010 5.0822e-021 1.00001
84 8.88136e-010 8.47033e-021 1.00002
85 9.09352e-010 1.01644e-020 1.00002
86 9.30816e-010 2.37169e-020 1.00002
87 9.52529e-010 2.37169e-020 1.00002
88 9.7449e-010 1.01644e-020 1.00002
89 9.96699e-010 2.03288e-020 1.00002
90 1.01916e-009 1.86347e-020 1.00002
91 1.04186e-009 1.86347e-020 1.00002
92 1.06481e-009 2.03288e-020 1.00002
93 1.08801e-009 3.21873e-020 1.00002
94 1.11146e-009 3.38813e-020 1.00002
95 1.13516e-009 3.72694e-020 1.00002
96 1.1591e-009 2.5411e-020 1.00002
97 1.18329e-009 3.21873e-020 1.00002
98 1.20773e-009 4.74338e-020 1.00002
99 1.23242e-009 4.40457e-020 1.00002
100 1.25735e-009 3.89635e-020 1.00002
