1 6.56183e-007 1.73472e-018 1.00447
2 2.4416e-006 1.73472e-018 1.01756
3 4.864e-006 3.46945e-018 1.03826
4 7.25594e-006 1.73472e-018 1.06405
5 8.95166e-006 5.20417e-018 1.09148
6 9.46799e-006 8.67362e-018 1.11795
7 8.63491e-006 5.20417e-018 1.14178
8 6.65641e-006 1.04083e-017 1.1619
9 4.05625e-006 6.93889e-018 1.17713
10 1.53672e-006 5.20417e-018 1.18601
11 2.12163e-007 5.20417e-018 1.18781
12 7.14648e-007 1.04083e-017 1.18271
13 1.68482e-007 1.38778e-017 1.17157
14 2.20105e-006 1.73472e-017 1.15505
15 4.83761e-006 1.56125e-017 1.13355
16 7.3785e-006 1.73472e-017 1.10797
17 9.15054e-006 2.08167e-017 1.0802
18 9.69239e-006 2.08167e-017 1.05323
19 8.8768e-006 1.9082e-017 1.02986
20 6.94072e-006 2.08167e-017 1.01207
21 4.41893e-006 1.9082e-017 1.00163
22 1.9929e-006 2.42861e-017 1.00007
23 3.20504e-007 1.9082e-017 1.00829
24 1.32879e-007 1.73472e-017 1.02535
25 7.65089e-007 1.73472e-017 1.04834
26 2.7602e-006 1.56125e-017 1.07442
27 5.27777e-006 1.73472e-017 1.10132
28 7.6003e-006 1.73472e-017 1.12733
29 9.07138e-006 2.08167e-017 1.15063
30 9.27422e-006 1.73472e-017 1.16906
31 8.14474e-006 2.25514e-017 1.18128
32 5.97772e-006 2.42861e-017 1.1869
33 3.35728e-006 2.60209e-017 1.18622
34 1.00049e-006 2.42861e-017 1.17945
35 4.40056e-007 2.42861e-017 1.16643
36 5.53288e-007 2.42861e-017 1.14738
37 7.05004e-007 2.25514e-017 1.12343
38 3.00413e-006 2.42861e-017 1.09679
39 5.73486e-006 2.77556e-017 1.06978
40 8.17528e-006 2.94903e-017 1.04425
41 9.68509e-006 2.77556e-017 1.02232
42 9.86154e-006 2.94903e-017 1.0065
43 8.64704e-006 3.29597e-017 0.999474
44 6.36399e-006 2.94903e-017 1.00253
45 3.64265e-006 3.64292e-017 1.01456
46 1.2387e-006 3.46945e-017 1.03361
47 1.94548e-007 3.46945e-017 1.0576
48 2.82087e-007 3.1225e-017 1.08452
49 9.77426e-007 3.46945e-017 1.1121
50 3.21477e-006 3.29597e-017 1.13743
51 5.7979e-006 3.29597e-017 1.15839
52 7.99978e-006 3.1225e-017 1.17394
53 9.20547e-006 3.46945e-017 1.1838
54 9.08049e-006 4.16334e-017 1.18771
55 7.65725e-006 4.16334e-017 1.185
56 5.3297e-006 4.33681e-017 1.17531
57 2.73826e-006 4.51028e-017 1.15915
58 5.99702e-007 4.33681e-017 1.138
59 4.82697e-007 4.16334e-017 1.11349
60 1.88752e-007 4.68375e-017 1.0869
61 1.43045e-006 4.68375e-017 1.05985
62 3.95426e-006 4.51028e-017 1.03471
63 6.70031e-006 5.37764e-017 1.01474
64 8.91651e-006 5.20417e-017 1.00287
65 9.99672e-006 5.20417e-017 1.00009
66 9.65211e-006 4.85723e-017 1.00627
67 7.97895e-006 4.85723e-017 1.02066
68 5.4292e-006 4.68375e-017 1.04201
69 2.69116e-006 5.0307e-017 1.06822
70 4.99822e-007 4.85723e-017 1.09595
71 5.62631e-007 5.55112e-017 1.12233
72 2.30406e-007 4.85723e-017 1.14554
73 1.38089e-006 5.0307e-017 1.16461
74 3.81293e-006 5.55112e-017 1.17874
75 6.38953e-006 5.0307e-017 1.18674
76 8.40594e-006 5.37764e-017 1.18768
77 9.31197e-006 5.89806e-017 1.18153
78 8.86062e-006 5.89806e-017 1.16915
79 7.18201e-006 6.41848e-017 1.15157
80 4.74625e-006 6.41848e-017 1.12947
81 2.24095e-006 6.41848e-017 1.1037
82 3.7835e-007 6.245e-017 1.07596
83 3.08564e-007 5.55112e-017 1.04905
84 3.87558e-007 5.37764e-017 1.02625
85 2.28638e-006 5.37764e-017 1.00971
86 4.87121e-006 6.07153e-017 1.00092
87 7.42968e-006 5.72459e-017 1.00099
88 9.25573e-006 6.07153e-017 1.01041
89 9.8545e-006 6.245e-017 1.02849
90 9.06797e-006 5.72459e-017 1.05244
91 7.10316e-006 5.89806e-017 1.07905
92 4.47143e-006 5.89806e-017 1.10589
93 1.86179e-006 5.37764e-017 1.13125
94 3.31322e-008 5.37764e-017 1.1537
95 7.08919e-007 5.55112e-017 1.17143
96 1.21897e-008 5.0307e-017 1.18288
97 1.92408e-006 4.85723e-017 1.18747
98 4.49288e-006 4.68375e-017 1.18549
99 7.01482e-006 4.68375e-017 1.17746
100 8.80654e-006 4.85723e-017 1.16355
