1 6.9253e-005 6.66134e-016 0.983018
2 0.000257631 8.88178e-016 0.948105
3 0.000512566 1.33227e-015 0.963013
4 0.000764321 8.88178e-016 1.03586
5 0.000944718 6.66134e-016 1.08047
6 0.00100476 8.88178e-016 1.08269
7 0.000927762 1.11022e-015 1.06512
8 0.000734306 8.88178e-016 1.07695
9 0.00047706 1.11022e-015 1.14404
10 0.000226526 1.33227e-015 1.20293
11 5.17816e-005 8.88178e-016 1.21015
12 7.71605e-007 1.33227e-015 1.18057
13 8.72064e-005 1.11022e-015 1.16052
14 0.000287203 6.66134e-016 1.18678
15 0.000545803 1.11022e-015 1.23358
16 0.000792405 1.33227e-015 1.2453
17 0.000959958 1.11022e-015 1.20563
18 0.00100245 4.44089e-016 1.14706
19 0.000908182 4.44089e-016 1.13047
20 0.000702759 8.88178e-016 1.15164
21 0.000442326 8.88178e-016 1.16205
22 0.000198515 8.88178e-016 1.12915
23 3.81294e-005 1.33227e-015 1.05162
24 5.04306e-006 1.55431e-015 1.00331
25 0.000108063 1.55431e-015 1.01531
26 0.00031914 1.55431e-015 1.03035
27 0.000580739 1.9984e-015 1.01365
28 0.000821291 2.88658e-015 0.960351
29 0.000974704 3.10862e-015 0.924787
30 0.000998478 2.88658e-015 0.965787
31 0.000887026 2.66454e-015 1.01057
32 0.000671026 3.10862e-015 1.01894
33 0.000409183 2.66454e-015 0.998984
34 0.000172602 1.77636e-015 0.992542
35 2.59683e-005 1.77636e-015 1.05261
36 1.00853e-005 1.11022e-015 1.12488
37 0.000129596 1.11022e-015 1.1486
38 0.000351549 1.11022e-015 1.13406
39 0.000614534 1.11022e-015 1.11853
40 0.000846409 8.88178e-016 1.1482
41 0.000983985 6.66134e-016 1.21161
42 0.000990056 0 1.24316
43 0.000863317 2.22045e-016 1.22366
44 0.000637845 4.44089e-016 1.17929
45 0.000374929 2.22045e-016 1.16531
46 0.000146503 0 1.19427
47 1.54097e-005 2.22045e-016 1.22158
48 1.81696e-005 2.22045e-016 1.20571
49 0.000153989 2.22045e-016 1.14065
50 0.000385134 0 1.0839
51 0.000647953 2.22045e-016 1.08259
52 0.000870608 2.22045e-016 1.09984
53 0.000992769 6.66134e-016 1.09068
54 0.000981493 6.66134e-016 1.03602
55 0.000839669 8.88178e-016 0.964381
56 0.000605262 8.88178e-016 0.959865
57 0.000342285 6.66134e-016 0.991394
58 0.000123414 8.88178e-016 1.0002
59 9.03828e-006 1.55431e-015 0.974947
60 3.03286e-005 8.88178e-016 0.93832
61 0.000180608 8.88178e-016 0.964232
62 0.000418917 8.88178e-016 1.03434
63 0.000680349 1.11022e-015 1.06914
64 0.000893442 8.88178e-016 1.06513
65 0.000999696 6.66134e-016 1.04874
66 0.000969899 6.66134e-016 1.07264
67 0.000812213 1.55431e-015 1.14696
68 0.00056978 1.33227e-015 1.19736
69 0.000309092 1.77636e-015 1.19674
70 0.000101272 2.22045e-015 1.1671
71 3.17733e-006 2.44249e-015 1.15751
72 4.18042e-005 2.44249e-015 1.19517
73 0.000206571 2.22045e-015 1.24139
74 0.000452474 1.77636e-015 1.24443
75 0.000712131 1.77636e-015 1.19833
76 0.000914153 1.55431e-015 1.14763
77 0.0010034 1.77636e-015 1.14356
78 0.000955626 1.55431e-015 1.16846
79 0.000784039 1.11022e-015 1.17329
80 0.00053573 1.55431e-015 1.13056
81 0.00027827 1.9984e-015 1.05163
82 8.19477e-005 2.44249e-015 1.0163
83 5.71016e-007 1.9984e-015 1.03193
84 5.69353e-005 2.22045e-015 1.04144
85 0.000235962 1.55431e-015 1.01593
86 0.000488399 1.77636e-015 0.95516
87 0.000744463 1.55431e-015 0.928099
88 0.000933628 2.22045e-015 0.971642
89 0.00100528 1.9984e-015 1.00755
90 0.000940266 1.77636e-015 1.00783
91 0.000756004 2.22045e-015 0.983644
92 0.0005021 2.22045e-015 0.985118
93 0.000247762 1.55431e-015 1.05458
94 6.32305e-005 1.11022e-015 1.1187
95 4.87079e-007 6.66134e-016 1.1339
96 7.40046e-005 0 1.1166
97 0.000265785 4.44089e-016 1.10862
98 0.000521995 6.66134e-016 1.15143
99 0.00077249 8.88178e-016 1.21596
100 0.000949139 1.11022e-015 1.2383
