1 9.09238e-009 3.05311e-016 0.999129
2 3.60749e-008 4.44089e-016 0.996687
3 7.62986e-008 3.88578e-016 0.993219
4 1.18693e-007 2.77556e-016 0.98961
5 1.50065e-007 5.82867e-016 0.986872
6 1.60398e-007 4.44089e-016 0.98582
7 1.46317e-007 8.88178e-016 0.986776
8 1.12171e-007 1.02696e-015 0.989448
9 6.86998e-008 1.08247e-015 0.993039
10 2.9417e-008 1.63758e-015 0.996542
11 5.26599e-009 1.80411e-015 0.999058
12 2.34282e-010 1.69309e-015 1.00002
13 1.33303e-008 1.80411e-015 0.999248
14 4.29754e-008 2.05391e-015 0.996882
15 8.38962e-008 2.13718e-015 0.993452
16 1.24967e-007 2.498e-015 0.989829
17 1.53385e-007 2.33147e-015 0.987027
18 1.59912e-007 2.38698e-015 0.985879
19 1.4216e-007 2.22045e-015 0.986738
20 1.0543e-007 2.63678e-015 0.989341
21 6.11347e-008 2.19269e-015 0.992913
22 2.30321e-008 1.83187e-015 0.996447
23 1.86854e-009 2.16493e-015 0.999037
24 9.35955e-010 3.33067e-015 1.0001
25 1.79603e-008 3.85803e-015 0.999416
26 5.00871e-008 3.16414e-015 0.997128
27 9.14578e-008 3.05311e-015 0.993738
28 1.30963e-007 2.63678e-015 0.990103
29 1.56264e-007 2.35922e-015 0.987238
30 1.58942e-007 2.44249e-015 0.985996
31 1.37612e-007 2.19269e-015 0.986758
32 9.85029e-008 2.35922e-015 0.98929
33 5.36381e-008 1.9984e-015 0.992839
34 1.69491e-008 2.33147e-015 0.996403
35 1.08469e-009 2.30371e-015 0.999064
36 2.10153e-009 1.69309e-015 1.00022
37 2.29608e-008 1.88738e-015 0.999632
38 5.73775e-008 2.33147e-015 0.997423
39 9.89486e-008 2.27596e-015 0.994075
40 1.36654e-007 2.52576e-015 0.99043
41 1.58686e-007 2.55351e-015 0.987507
42 1.57492e-007 2.33147e-015 0.986171
43 1.32696e-007 3.05311e-015 0.986834
44 9.14207e-008 2.7478e-015 0.989294
45 4.62443e-008 2.60902e-015 0.992817
46 1.11953e-008 2.47025e-015 0.996408
47 3.58067e-009 2.7478e-015 0.999139
48 3.72519e-009 3.16414e-015 1.00038
49 2.83086e-008 3.19189e-015 0.999895
50 6.48129e-008 3.55271e-015 0.997766
51 1.06334e-007 4.02456e-015 0.994461
52 1.42014e-007 4.19109e-015 0.990811
53 1.60642e-007 3.91354e-015 0.98783
54 1.55571e-007 4.41314e-015 0.986402
55 1.27435e-007 4.77396e-015 0.986966
56 8.42171e-008 4.96825e-015 0.989351
57 3.89873e-008 4.52416e-015 0.992845
58 5.79673e-009 4.69069e-015 0.996461
59 5.60865e-009 4.32987e-015 0.99926
60 5.79885e-009 4.63518e-015 1.0006
61 3.39786e-008 4.35763e-015 1.0002
62 7.23594e-008 3.58047e-015 0.998154
63 1.13581e-007 3.33067e-015 0.994896
64 1.47019e-007 3.08087e-015 0.991242
65 1.62123e-007 3.16414e-015 0.988206
66 1.53188e-007 3.19189e-015 0.986687
67 1.21854e-007 2.58127e-015 0.987152
68 7.69256e-008 2.35922e-015 0.98946
69 3.19004e-008 2.63678e-015 0.992923
70 7.77259e-010 1.77636e-015 0.99656
71 7.16025e-009 1.91513e-015 0.999424
72 8.31218e-009 2.16493e-015 1.00085
73 3.9944e-008 2.30371e-015 1.00055
74 7.99819e-008 2.2482e-015 0.998587
75 1.20656e-007 2.41474e-015 0.995377
76 1.51645e-007 2.41474e-015 0.991721
77 1.63123e-007 2.35922e-015 0.988632
78 1.50354e-007 2.30371e-015 0.987024
79 1.15978e-007 2.16493e-015 0.987389
80 6.95805e-008 2.2482e-015 0.989618
81 2.50161e-008 1.9984e-015 0.993047
82 3.84089e-009 2.05391e-015 0.996703
83 8.22944e-009 2.85882e-015 0.999631
84 1.12526e-008 2.80331e-015 1.00115
85 4.61767e-008 2.47025e-015 1.00094
86 8.76455e-008 2.72005e-015 0.99906
87 1.27527e-007 2.52576e-015 0.9959
88 1.55871e-007 2.60902e-015 0.992246
89 1.63638e-007 2.60902e-015 0.989107
90 1.47084e-007 2.52576e-015 0.98741
91 1.09838e-007 2.52576e-015 0.987675
92 6.22162e-008 2.72005e-015 0.989823
93 1.83658e-008 2.91434e-015 0.993215
94 8.03754e-009 3.16414e-015 0.996887
95 8.81264e-009 3.55271e-015 0.999876
96 1.46055e-008 3.30291e-015 1.00148
97 5.26472e-008 2.77556e-015 1.00137
98 9.53147e-008 2.35922e-015 0.999571
99 1.34163e-007 2.60902e-015 0.996463
100 1.5968e-007 2.58127e-015 0.992812
