1 3.15096e-019 1.52466e-020 1
2 5.55654e-019 3.89635e-020 1
3 1.09437e-018 6.94567e-020 1
4 2.03627e-018 3.89635e-020 1
5 2.80876e-018 6.26804e-020 1
6 4.20128e-018 7.7927e-020 1
7 6.33242e-018 3.21873e-020 1
8 8.27721e-018 3.89635e-020 1
9 1.03609e-017 2.71051e-020 1
10 1.27902e-017 2.71051e-020 1
11 1.55786e-017 8.47033e-021 1
12 1.82891e-017 1.69407e-021 1
13 2.14028e-017 1.86347e-020 1
14 2.45775e-017 2.5411e-020 1
15 2.8379e-017 1.69407e-021 1
16 3.24346e-017 1.18585e-020 1
17 3.66155e-017 1.69407e-021 1
18 4.07796e-017 2.03288e-020 1
19 4.52011e-017 3.72694e-020 1
20 5.00156e-017 2.5411e-020 1
21 5.52367e-017 2.03288e-020 1
22 6.03426e-017 5.2516e-020 1
23 6.60923e-017 4.91279e-020 1
24 7.20554e-017 5.42101e-020 1
25 7.80659e-017 5.0822e-020 1
26 8.45203e-017 5.75982e-020 1
27 9.13373e-017 2.03288e-020 1
28 9.82152e-017 2.03288e-020 1
29 1.05107e-016 2.03288e-020 1
30 1.12361e-016 3.89635e-020 1
31 1.19964e-016 4.74338e-020 1
32 1.27851e-016 5.0822e-020 1
33 1.36132e-016 4.23516e-020 1
34 1.44168e-016 4.74338e-020 1
35 1.52588e-016 4.74338e-020 1
36 1.61377e-016 6.26804e-020 1
37 1.70474e-016 4.74338e-020 1
38 1.79893e-016 4.06576e-020 1
39 1.89471e-016 4.06576e-020 1
40 1.99395e-016 2.03288e-020 1
41 2.09471e-016 3.21873e-020 1
42 2.19714e-016 5.59042e-020 1
43 2.30339e-016 8.47033e-020 1
44 2.40991e-016 1.01644e-019 1
45 2.52023e-016 1.38913e-019 1
46 2.63454e-016 1.37219e-019 1
47 2.75252e-016 1.03338e-019 1
48 2.87286e-016 9.48677e-020 1
49 2.99904e-016 6.94567e-020 1
50 3.12718e-016 4.23516e-020 1
51 3.25149e-016 6.26804e-020 1
52 3.38142e-016 3.72694e-020 1
53 3.51363e-016 5.75982e-020 1
54 3.64505e-016 6.43745e-020 1
55 3.78119e-016 5.92923e-020 1
56 3.92034e-016 7.96211e-020 1
57 4.06064e-016 7.7927e-020 1
58 4.20481e-016 7.7927e-020 1
59 4.34938e-016 9.31736e-020 1
60 4.49907e-016 8.47033e-020 1
61 4.65096e-016 7.6233e-020 1
62 4.80424e-016 7.28448e-020 1
63 4.9609e-016 8.13152e-020 1
64 5.12001e-016 8.97855e-020 1
65 5.27807e-016 1.13502e-019 1
66 5.44239e-016 1.06726e-019 1
67 5.61003e-016 9.31736e-020 1
68 5.77826e-016 9.48677e-020 1
69 5.95136e-016 6.94567e-020 1
70 6.12371e-016 7.6233e-020 1
71 6.2986e-016 8.30092e-020 1
72 6.47777e-016 1.03338e-019 1
73 6.65927e-016 8.13152e-020 1
74 6.84335e-016 8.13152e-020 1
75 7.02949e-016 1.11808e-019 1
76 7.21642e-016 1.50772e-019 1
77 7.40459e-016 1.6263e-019 1
78 7.599e-016 1.47384e-019 1
79 7.79467e-016 1.38913e-019 1
80 7.99216e-016 1.47384e-019 1
81 8.19213e-016 1.4569e-019 1
82 8.39552e-016 1.37219e-019 1
83 8.6006e-016 1.11808e-019 1
84 8.80992e-016 9.48677e-020 1
85 9.02229e-016 9.48677e-020 1
86 9.23561e-016 8.80914e-020 1
87 9.4535e-016 6.60686e-020 1
88 9.67224e-016 6.26804e-020 1
89 9.89375e-016 5.0822e-020 1
90 1.01173e-015 2.5411e-020 1
91 1.03427e-015 1.01644e-020 1
92 1.05711e-015 6.77626e-021 1
93 1.08025e-015 6.77626e-021 1
94 1.1035e-015 3.04932e-020 1
95 1.12705e-015 4.74338e-020 1
96 1.15084e-015 5.59042e-020 1
97 1.17476e-015 7.6233e-020 1
98 1.19908e-015 7.7927e-020 1
99 1.22373e-015 9.99499e-020 1
100 1.24869e-015 1.32137e-019 1
