1 5.74052e-007 6.66134e-016 0.994982
2 2.13417e-006 1.55431e-015 0.980026
3 4.24669e-006 3.55271e-015 0.955895
4 6.33542e-006 4.88498e-015 0.925256
5 7.83856e-006 4.21885e-015 0.894064
6 8.35559e-006 3.10862e-015 0.871399
7 7.75203e-006 3.77476e-015 0.865773
8 6.19577e-006 5.10703e-015 0.879601
9 4.11109e-006 5.55112e-015 0.907872
10 2.0608e-006 5.10703e-015 0.942367
11 5.93485e-007 2.66454e-015 0.975969
12 9.96706e-008 1.55431e-015 1.00398
13 7.13185e-007 1.33227e-015 1.02357
14 2.2754e-006 2.22045e-015 1.03294
15 4.36497e-006 2.66454e-015 1.03078
16 6.40297e-006 3.10862e-015 1.01655
17 7.82273e-006 3.77476e-015 0.991645
18 8.23772e-006 5.32907e-015 0.960998
19 7.54556e-006 4.21885e-015 0.933262
20 5.94802e-006 5.9952e-015 0.917985
21 3.89074e-006 6.66134e-015 0.920839
22 1.93933e-006 5.55112e-015 0.940973
23 6.23278e-007 4.88498e-015 0.972688
24 2.90876e-007 3.9968e-015 1.00888
25 1.01787e-006 5.77316e-015 1.04323
26 2.59597e-006 4.88498e-015 1.07081
27 4.59934e-006 3.33067e-015 1.08804
28 6.49471e-006 3.77476e-015 1.09255
29 7.764e-006 5.10703e-015 1.08328
30 8.04474e-006 5.55112e-015 1.06132
31 7.25268e-006 4.66294e-015 1.03107
32 5.61313e-006 5.32907e-015 1.00013
33 3.59019e-006 6.66134e-015 0.977324
34 1.75042e-006 7.54952e-015 0.969459
35 6.03431e-007 9.32587e-015 0.978819
36 4.61011e-007 9.54792e-015 1.00284
37 1.35174e-006 9.10383e-015 1.03569
38 3.01568e-006 8.88178e-015 1.07031
39 4.98346e-006 8.43769e-015 1.10001
40 6.71706e-006 8.65974e-015 1.11954
41 7.75913e-006 8.43769e-015 1.12572
42 7.83368e-006 8.43769e-015 1.11752
43 6.90588e-006 8.65974e-015 1.09618
44 5.21538e-006 1.04361e-014 1.06553
45 3.22912e-006 1.06581e-014 1.03175
46 1.50647e-006 9.76996e-015 1.00234
47 5.34243e-007 1.08802e-014 0.984319
48 5.87124e-007 1.24345e-014 0.982314
49 1.65072e-006 1.28786e-014 0.99688
50 3.42562e-006 1.28786e-014 1.02404
51 5.41119e-006 1.19904e-014 1.05652
52 7.04857e-006 1.17684e-014 1.0861
53 7.88493e-006 1.15463e-014 1.10605
54 7.7043e-006 1.06581e-014 1.11267
55 6.57001e-006 1.11022e-014 1.10517
56 4.78464e-006 9.76996e-015 1.08486
57 2.82058e-006 1.04361e-014 1.05474
58 1.21422e-006 1.06581e-014 1.01936
59 4.18386e-007 9.54792e-015 0.984649
60 6.66679e-007 9.32587e-015 0.957408
61 1.90157e-006 9.54792e-015 0.944127
62 3.78751e-006 8.88178e-015 0.94858
63 5.80314e-006 7.32747e-015 0.969281
64 7.38542e-006 8.43769e-015 0.999248
65 8.08717e-006 7.99361e-015 1.02904
66 7.70722e-006 8.21565e-015 1.05082
67 6.35368e-006 7.10543e-015 1.06044
68 4.40955e-006 7.54952e-015 1.05709
69 2.40875e-006 8.21565e-015 1.04181
70 8.87088e-007 8.43769e-015 1.0165
71 2.54271e-007 8.65974e-015 0.983913
72 6.90499e-007 9.99201e-015 0.948046
73 2.0903e-006 9.76996e-015 0.914698
74 4.08245e-006 7.10543e-015 0.891331
75 6.12699e-006 7.77156e-015 0.884901
76 7.66326e-006 7.54952e-015 0.897597
77 8.26485e-006 7.10543e-015 0.924294
78 7.75691e-006 8.43769e-015 0.955434
79 6.2671e-006 9.54792e-015 0.982399
80 4.19738e-006 9.99201e-015 1.00029
81 2.11855e-006 1.13243e-014 1.0075
82 6.07361e-007 1.13243e-014 1.0041
83 7.62062e-008 8.43769e-015 0.990714
84 6.62331e-007 8.21565e-015 0.968233
85 2.20319e-006 9.32587e-015 0.938474
86 4.28488e-006 9.76996e-015 0.905335
87 6.34948e-006 9.54792e-015 0.875773
88 7.84089e-006 1.17684e-014 0.858783
89 8.35464e-006 1.11022e-014 0.860886
90 7.74983e-006 1.15463e-014 0.88124
91 6.18729e-006 1.08802e-014 0.912413
92 4.08469e-006 9.54792e-015 0.945703
93 2.0056e-006 8.43769e-015 0.974851
94 5.12658e-007 7.10543e-015 0.996424
95 1.86148e-008 8.43769e-015 1.00874
96 6.67051e-007 8.65974e-015 1.01084
97 2.27993e-006 8.21565e-015 1.00204
98 4.40743e-006 5.9952e-015 0.982447
99 6.46434e-006 6.66134e-015 0.954263
100 7.89484e-006 5.32907e-015 0.923342
