1 2.42016e-007 1.69407e-021 1.00474
2 9.29584e-007 1.69407e-021 1.01832
3 1.9578e-006 5.0822e-021 1.03897
4 3.18426e-006 8.47033e-021 1.06426
5 4.46442e-006 1.01644e-020 1.09152
6 5.67748e-006 1.01644e-020 1.11829
7 6.73614e-006 1.69407e-020 1.14249
8 7.58415e-006 1.69407e-020 1.16248
9 8.18864e-006 1.69407e-020 1.17709
10 8.53221e-006 1.52466e-020 1.18553
11 8.60705e-006 1.86347e-020 1.18738
12 8.41166e-006 1.52466e-020 1.18256
13 7.9501e-006 1.35525e-020 1.17129
14 7.23393e-006 1.35525e-020 1.15416
15 6.28656e-006 1.18585e-020 1.13211
16 5.15029e-006 1.52466e-020 1.10654
17 3.89442e-006 2.03288e-020 1.07926
18 2.6215e-006 2.03288e-020 1.05256
19 1.46509e-006 1.69407e-020 1.02902
20 5.7284e-007 2.03288e-020 1.01125
21 7.47984e-008 2.03288e-020 1.00146
22 4.88196e-008 2.20229e-020 1.00095
23 4.99053e-007 2.37169e-020 1.0098
24 1.35481e-006 2.5411e-020 1.0268
25 2.49008e-006 2.87991e-020 1.04985
26 3.75739e-006 3.38813e-020 1.07634
27 5.02057e-006 3.04932e-020 1.10367
28 6.17344e-006 2.5411e-020 1.12953
29 7.14337e-006 2.71051e-020 1.15202
30 7.88558e-006 3.21873e-020 1.16973
31 8.37499e-006 3.55754e-020 1.18166
32 8.59907e-006 3.89635e-020 1.18719
33 8.55306e-006 4.40457e-020 1.18605
34 8.2379e-006 4.06576e-020 1.17829
35 7.66061e-006 4.57398e-020 1.16431
36 6.83733e-006 5.0822e-020 1.14484
37 5.79893e-006 4.74338e-020 1.12103
38 4.59878e-006 4.40457e-020 1.09444
39 3.32058e-006 4.74338e-020 1.06711
40 2.08177e-006 5.0822e-020 1.04149
41 1.02531e-006 5.59042e-020 1.02022
42 2.95472e-007 5.59042e-020 1.00579
43 2.78871e-009 5.92923e-020 1.00005
44 1.9369e-007 5.75982e-020 1.00379
45 8.37769e-007 5.59042e-020 1.01649
46 1.83609e-006 5.59042e-020 1.0365
47 3.04853e-006 5.75982e-020 1.06142
48 4.32927e-006 6.26804e-020 1.08859
49 5.55424e-006 5.75982e-020 1.11553
50 6.63253e-006 5.75982e-020 1.14008
51 7.50491e-006 5.75982e-020 1.16059
52 8.13641e-006 5.0822e-020 1.17582
53 8.5083e-006 4.57398e-020 1.18494
54 8.61196e-006 4.40457e-020 1.18751
55 8.44529e-006 5.0822e-020 1.18339
56 8.01172e-006 5.42101e-020 1.17278
57 7.32184e-006 5.75982e-020 1.15624
58 6.39751e-006 6.09864e-020 1.13466
59 5.27862e-006 5.92923e-020 1.10938
60 4.03123e-006 5.75982e-020 1.08219
61 2.75422e-006 5.75982e-020 1.0553
62 1.57838e-006 5.75982e-020 1.0313
63 6.51159e-007 6.09864e-020 1.0128
64 1.06215e-007 5.92923e-020 1.00208
65 2.83275e-008 6.09864e-020 1.00055
66 4.29931e-007 6.09864e-020 1.00843
67 1.24773e-006 6.26804e-020 1.02466
68 2.36015e-006 5.75982e-020 1.04718
69 3.62029e-006 6.26804e-020 1.07344
70 4.88956e-006 6.43745e-020 1.10079
71 6.05822e-006 6.94567e-020 1.1269
72 7.05021e-006 7.28448e-020 1.14983
73 7.81817e-006 7.45389e-020 1.1681
74 8.3353e-006 7.45389e-020 1.18068
75 8.58801e-006 7.96211e-020 1.18691
76 8.57085e-006 7.96211e-020 1.18649
77 8.28417e-006 7.6233e-020 1.17943
78 7.73426e-006 8.30092e-020 1.16608
79 6.93606e-006 8.30092e-020 1.14715
80 5.91852e-006 8.47033e-020 1.12373
81 4.73221e-006 8.13152e-020 1.09735
82 3.45732e-006 7.96211e-020 1.06999
83 2.2078e-006 8.47033e-020 1.04407
84 1.12478e-006 8.47033e-020 1.0222
85 3.5396e-007 8.63974e-020 1.00694
86 1.11496e-008 8.80914e-020 1.00022
87 1.50583e-007 8.80914e-020 1.00295
88 7.50021e-007 9.14796e-020 1.01475
89 1.71682e-006 8.80914e-020 1.03409
90 2.91355e-006 8.47033e-020 1.05861
91 4.19346e-006 8.47033e-020 1.08567
92 5.4293e-006 8.80914e-020 1.11273
93 6.52656e-006 8.80914e-020 1.13763
94 7.42291e-006 8.63974e-020 1.15864
95 8.08121e-006 8.80914e-020 1.17447
96 8.48134e-006 9.48677e-020 1.18428
97 8.61379e-006 9.48677e-020 1.18755
98 8.47588e-006 9.48677e-020 1.18414
99 8.07042e-006 9.31736e-020 1.17421
100 7.40707e-006 9.48677e-020 1.15826
